data/PosinaDailyOneYear/40/dem_40.asc
NCOLS 582
NROWS 339
XLLCORNER 1668940.0
YLLCORNER 5070820.0
CELLSIZE 20.0
NODATA_VALUE -9999
[rows 238 to 271 of 339, columns 231 to 307 of 582]
-9999 -9999 -9999 -9999 -9999 -9999 -9999 -9999 -9999 -9999 -9999 -9999 -9999 -9999 -9999 -9999 -9999 -9999 -9999 -9999 -9999 -9999 -9999 -9999 -9999 -9999 -9999 -9999 -9999 -9999 -9999 -9999 -9999 -9999 -9999 -9999 -9999 -9999 -9999 -9999 -9999 -9999 -9999 -9999 -9999 -9999 -9999 -9999 -9999 -9999 -9999 -9999 -9999 -9999 -9999 -9999 -9999 -9999 -9999 -9999 -9999 -9999 -9999 -9999 -9999 672.0 668.0 663.0 658.0 652.0 646.0 641.0 634.0 628.0 620.0 612.0 603.0
-9999 -9999 -9999 -9999 -9999 -9999 -9999 -9999 -9999 -9999 -9999 -9999 -9999 -9999 -9999 -9999 -9999 -9999 -9999 -9999 -9999 -9999 -9999 -9999 -9999 -9999 -9999 -9999 -9999 -9999 -9999 -9999 -9999 -9999 -9999 -9999 -9999 -9999 -9999 -9999 -9999 -9999 -9999 -9999 -9999 -9999 -9999 -9999 -9999 -9999 -9999 -9999 -9999 -9999 -9999 -9999 -9999 -9999 -9999 -9999 -9999 -9999 -9999 -9999 677.0 673.0 668.0 663.0 657.0 651.0 645.0 639.0 632.0 625.0 618.0 610.0 601.0
-9999 -9999 -9999 -9999 -9999 -9999 -9999 -9999 -9999 -9999 -9999 -9999 -9999 -9999 -9999 -9999 -9999 -9999 -9999 -9999 -9999 -9999 -9999 -9999 -9999 -9999 -9999 -9999 -9999 -9999 -9999 -9999 -9999 -9999 -9999 -9999 -9999 -9999 -9999 -9999 -9999 -9999 -9999 -9999 -9999 -9999 -9999 -9999 -9999 -9999 -9999 -9999 -9999 -9999 -9999 -9999 -9999 -9999 -9999 -9999 -9999 -9999 -9999 681.0 677.0 673.0 668.0 662.0 656.0 649.0 643.0 637.0 630.0 623.0 616.0 608.0 600.0
-9999 -9999 -9999 -9999 -9999 -9999 -9999 -9999 -9999 -9999 -9999 -9999 -9999 -9999 -9999 -9999 -9999 -9999 -9999 -9999 -9999 -9999 -9999 -9999 -9999 -9999 -9999 -9999 -9999 -9999 -9999 -9999 -9999 -9999 -9999 -9999 -9999 -9999 -9999 -9999 -9999 -9999 -9999 -9999 -9999 -9999 -9999 -9999 -9999 -9999 -9999 -9999 -9999 -9999 -9999 -9999 -9999 -9999 -9999 -9999 -9999 687.0 684.0 681.0 677.0 672.0 666.0 661.0 654.0 648.0 642.0 635.0 629.0 622.0 614.0 607.0 599.0
-9999 -9999 -9999 -9999 -9999 -9999 -9999 -9999 -9999 -9999 -9999 -9999 -9999 -9999 -9999 -9999 -9999 -9999 -9999 -9999 -9999 -9999 -9999 -9999 -9999 -9999 -9999 -9999 -9999 -9999 -9999 -9999 -9999 -9999 -9999 -9999 -9999 -9999 -9999 -9999 -9999 -9999 -9999 -9999 -9999 -9999 -9999 -9999 -9999 -9999 -9999 -9999 -9999 -9999 -9999 -9999 -9999 -9999 -9999 -9999 692.0 688.0 684.0 680.0 676.0 671.0 665.0 659.0 653.0 647.0 640.0 634.0 628.0 621.0 614.0 606.0 599.0
-9999 -9999 -9999 -9999 -9999 -9999 -9999 -9999 -9999 -9999 -9999 -9999 -9999 -9999 -9999 -9999 -9999 -9999 -9999 -9999 -9999 -9999 -9999 -9999 -9999 -9999 -9999 -9999 -9999 -9999 -9999 -9999 -9999 -9999 -9999 -9999 -9999 -9999 -9999 -9999 -9999 -9999 -9999 -9999 -9999 -9999 -9999 -9999 -9999 -9999 -9999 -9999 -9999 -9999 -9999 -9999 -9999 -9999 -9999 699.0 694.0 689.0 684.0 679.0 674.0 669.0 663.0 657.0 651.0 645.0 639.0 633.0 627.0 620.0 614.0 606.0 599.0
-9999 -9999 -9999 -9999 -9999 -9999 -9999 -9999 -9999 -9999 -9999 -9999 -9999 -9999 -9999 -9999 -9999 -9999 -9999 -9999 -9999 -9999 -9999 -9999 -9999 -9999 -9999 -9999 -9999 -9999 -9999 -9999 -9999 -9999 -9999 -9999 -9999 -9999 -9999 -9999 -9999 -9999 -9999 -9999 -9999 -9999 -9999 -9999 -9999 -9999 -9999 -9999 -9999 -9999 -9999 -9999 -9999 -9999 706.0 701.0 695.0 689.0 683.0 678.0 672.0 667.0 661.0 656.0 650.0 644.0 638.0 632.0 626.0 620.0 613.0 606.0 599.0
-9999 -9999 -9999 -9999 -9999 -9999 -9999 -9999 -9999 -9999 -9999 -9999 -9999 -9999 -9999 -9999 -9999 -9999 -9999 -9999 -9999 -9999 -9999 -9999 -9999 -9999 -9999 -9999 -9999 -9999 -9999 -9999 -9999 -9999 -9999 -9999 -9999 -9999 -9999 -9999 -9999 -9999 -9999 -9999 -9999 -9999 -9999 -9999 -9999 -9999 -9999 -9999 -9999 -9999 -9999 -9999 718.0 713.0 707.0 702.0 696.0 690.0 683.0 677.0 671.0 666.0 660.0 654.0 649.0 643.0 637.0 631.0 625.0 619.0 612.0 605.0 598.0
-9999 -9999 -9999 -9999 -9999 -9999 -9999 -9999 -9999 -9999 -9999 -9999 -9999 -9999 -9999 -9999 -9999 -9999 -9999 -9999 -9999 -9999 -9999 -9999 -9999 -9999 -9999 -9999 -9999 -9999 -9999 -9999 -9999 -9999 -9999 -9999 -9999 -9999 -9999 -9999 -9999 -9999 -9999 -9999 -9999 -9999 -9999 -9999 -9999 -9999 -9999 -9999 -9999 -9999 729.0 724.0 719.0 714.0 708.0 703.0 697.0 690.0 684.0 678.0 672.0 666.0 661.0 655.0 649.0 643.0 637.0 631.0 624.0 617.0 609.0 602.0 595.0
-9999 -9999 -9999 -9999 -9999 -9999 -9999 -9999 -9999 -9999 -9999 -9999 -9999 -9999 -9999 -9999 -9999 -9999 -9999 -9999 -9999 -9999 -9999 -9999 -9999 -9999 -9999 -9999 -9999 -9999 -9999 -9999 -9999 -9999 -9999 -9999 -9999 -9999 872.0 861.0 850.0 839.0 828.0 816.0 805.0 794.0 784.0 775.0 767.0 760.0 753.0 747.0 740.0 735.0 729.0 724.0 719.0 714.0 709.0 703.0 697.0 691.0 685.0 679.0 673.0 668.0 662.0 656.0 649.0 643.0 637.0 630.0 623.0 615.0 606.0 598.0 598.0
-9999 -9999 -9999 -9999 -9999 -9999 -9999 -9999 -9999 -9999 -9999 -9999 -9999 -9999 -9999 -9999 -9999 -9999 -9999 -9999 -9999 -9999 -9999 -9999 -9999 -9999 -9999 -9999 -9999 -9999 -9999 -9999 -9999 -9999 -9999 -9999 893.0 883.0 873.0 862.0 851.0 839.0 828.0 816.0 804.0 793.0 783.0 774.0 766.0 759.0 752.0 746.0 740.0 734.0 729.0 724.0 719.0 714.0 708.0 703.0 697.0 692.0 686.0 680.0 675.0 669.0 663.0 657.0 650.0 643.0 636.0 629.0 622.0 613.0 601.0 601.0 602.0
-9999 -9999 -9999 -9999 -9999 -9999 -9999 -9999 -9999 -9999 -9999 -9999 -9999 -9999 -9999 -9999 -9999 -9999 -9999 -9999 -9999 -9999 -9999 -9999 -9999 -9999 -9999 -9999 -9999 -9999 -9999 -9999 -9999 -9999 911.0 902.0 893.0 883.0 872.0 861.0 849.0 838.0 826.0 814.0 802.0 791.0 781.0 772.0 765.0 758.0 751.0 745.0 739.0 733.0 728.0 723.0 718.0 713.0 707.0 702.0 697.0 692.0 686.0 681.0 675.0 669.0 663.0 656.0 649.0 642.0 635.0 627.0 620.0 611.0 604.0 605.0 606.0
-9999 -9999 -9999 -9999 -9999 -9999 -9999 -9999 -9999 -9999 -9999 -9999 -9999 -9999 -9999 -9999 -9999 -9999 -9999 -9999 -9999 -9999 -9999 -9999 -9999 -9999 -9999 936.0 934.0 933.0 931.0 928.0 924.0 918.0 910.0 902.0 891.0 881.0 869.0 858.0 846.0 834.0 823.0 811.0 799.0 788.0 778.0 770.0 762.0 755.0 749.0 743.0 737.0 732.0 727.0 722.0 717.0 711.0 706.0 700.0 695.0 690.0 685.0 679.0 673.0 667.0 661.0 654.0 646.0 638.0 631.0 623.0 617.0 609.0 604.0 609.0 611.0
-9999 -9999 -9999 -9999 -9999 -9999 -9999 -9999 -9999 -9999 -9999 -9999 -9999 -9999 -9999 -9999 -9999 -9999 -9999 -9999 -9999 -9999 -9999 -9999 954.0 946.0 940.0 936.0 933.0 932.0 930.0 927.0 922.0 916.0 908.0 898.0 888.0 877.0 865.0 853.0 841.0 829.0 818.0 806.0 795.0 785.0 775.0 767.0 759.0 752.0 746.0 740.0 734.0 730.0 725.0 720.0 715.0 709.0 704.0 698.0 692.0 687.0 681.0 675.0 669.0 663.0 656.0 648.0 640.0 632.0 626.0 618.0 615.0 609.0 612.0 615.0 618.0
-9999 -9999 -9999 -9999 -9999 -9999 -9999 -9999 -9999 -9999 -9999 -9999 -9999 -9999 -9999 -9999 -9999 -9999 -9999 -9999 -9999 985.0 975.0 965.0 955.0 947.0 940.0 935.0 932.0 929.0 926.0 923.0 918.0 911.0 903.0 893.0 882.0 871.0 859.0 847.0 835.0 824.0 812.0 801.0 790.0 780.0 771.0 763.0 756.0 749.0 742.0 736.0 731.0 727.0 722.0 718.0 712.0 706.0 700.0 694.0 688.0 682.0 675.0 669.0 662.0 655.0 648.0 640.0 633.0 623.0 621.0 618.0 619.0 618.0 620.0 623.0 626.0
-9999 -9999 -9999 -9999 -9999 -9999 -9999 -9999 -9999 -9999 -9999 -9999 -9999 -9999 -9999 -9999 -9999 -9999 1014.0 1005.0 996.0 987.0 976.0 965.0 955.0 946.0 939.0 933.0 929.0 925.0 922.0 917.0 912.0 905.0 896.0 886.0 876.0 864.0 852.0 840.0 829.0 817.0 806.0 795.0 784.0 775.0 766.0 759.0 751.0 744.0 737.0 732.0 727.0 722.0 718.0 714.0 708.0 703.0 696.0 690.0 683.0 676.0 668.0 661.0 654.0 646.0 639.0 629.0 626.0 623.0 624.0 623.0 624.0 625.0 627.0 630.0 634.0
-9999 -9999 -9999 -9999 -9999 -9999 -9999 -9999 -9999 -9999 -9999 1100.0 1086.0 1072.0 1058.0 1044.0 1033.0 1023.0 1014.0 1006.0 996.0 986.0 976.0 965.0 954.0 944.0 937.0 931.0 925.0 921.0 917.0 911.0 905.0 897.0 888.0 878.0 868.0 856.0 845.0 833.0 821.0 810.0 799.0 789.0 779.0 770.0 761.0 753.0 746.0 738.0 732.0 726.0 721.0 717.0 713.0 709.0 704.0 698.0 691.0 684.0 676.0 668.0 659.0 650.0 644.0 635.0 632.0 629.0 630.0 629.0 629.0 629.0 629.0 631.0 633.0 637.0 641.0
-9999 -9999 -9999 -9999 -9999 -9999 -9999 -9999 -9999 1126.0 1115.0 1102.0 1088.0 1073.0 1057.0 1044.0 1032.0 1022.0 1013.0 1004.0 995.0 985.0 974.0 963.0 952.0 942.0 934.0 927.0 922.0 917.0 911.0 905.0 898.0 890.0 880.0 870.0 859.0 848.0 837.0 825.0 814.0 803.0 792.0 782.0 773.0 764.0 756.0 748.0 740.0 733.0 726.0 720.0 715.0 711.0 707.0 703.0 698.0 692.0 685.0 677.0 669.0 660.0 650.0 637.0 637.0 635.0 636.0 636.0 636.0 635.0 634.0 634.0 635.0 636.0 639.0 643.0 648.0
-9999 -9999 -9999 -9999 -9999 -9999 -9999 1146.0 1138.0 1128.0 1116.0 1103.0 1088.0 1072.0 1056.0 1041.0 1029.0 1018.0 1009.0 1001.0 992.0 982.0 971.0 959.0 948.0 938.0 930.0 923.0 918.0 912.0 907.0 900.0 892.0 882.0 872.0 861.0 850.0 839.0 828.0 817.0 806.0 795.0 785.0 775.0 766.0 758.0 750.0 742.0 734.0 727.0 720.0 714.0 709.0 705.0 701.0 696.0 691.0 685.0 679.0 671.0 663.0 653.0 642.0 637.0 641.0 642.0 643.0 642.0 641.0 640.0 639.0 638.0 639.0 642.0 645.0 649.0 653.0
-9999 -9999 -9999 -9999 -9999 1156.0 1152.0 1147.0 1138.0 1128.0 1116.0 1103.0 1088.0 1071.0 1054.0 1038.0 1024.0 1013.0 1003.0 995.0 987.0 977.0 966.0 954.0 943.0 933.0 925.0 919.0 913.0 908.0 902.0 895.0 886.0 876.0 864.0 853.0 841.0 830.0 819.0 808.0 798.0 788.0 778.0 768.0 760.0 751.0 743.0 736.0 728.0 721.0 715.0 709.0 704.0 699.0 695.0 690.0 685.0 679.0 673.0 666.0 658.0 648.0 642.0 645.0 648.0 649.0 649.0 648.0 646.0 644.0 643.0 643.0 644.0 646.0 649.0 653.0 658.0
-9999 -9999 -9999 -9999 1159.0 1157.0 1153.0 1146.0 1138.0 1127.0 1115.0 1101.0 1086.0 1068.0 1050.0 1033.0 1018.0 1006.0 996.0 988.0 979.0 969.0 958.0 947.0 936.0 926.0 919.0 913.0 908.0 903.0 898.0 890.0 880.0 869.0 857.0 844.0 832.0 821.0 810.0 800.0 789.0 779.0 770.0 761.0 752.0 744.0 737.0 729.0 722.0 716.0 710.0 704.0 699.0 694.0 690.0 685.0 680.0 675.0 669.0 662.0 655.0 648.0 652.0 655.0 656.0 656.0 655.0 653.0 651.0 648.0 647.0 647.0 648.0 650.0 653.0 657.0 662.0
-9999 -9999 -9999 -9999 1161.0 1158.0 1153.0 1145.0 1136.0 1124.0 1112.0 1097.0 1081.0 1064.0 1045.0 1028.0 1012.0 999.0 989.0 979.0 970.0 960.0 949.0 938.0 928.0 918.0 911.0 906.0 902.0 898.0 892.0 884.0 874.0 862.0 849.0 836.0 824.0 812.0 801.0 791.0 780.0 771.0 761.0 753.0 745.0 738.0 730.0 724.0 717.0 711.0 706.0 700.0 695.0 690.0 686.0 681.0 676.0 671.0 666.0 660.0 660.0 661.0 663.0 664.0 664.0 663.0 661.0 658.0 655.0 652.0 650.0 651.0 652.0 654.0 657.0 661.0 665.0
-9999 -9999 -9999 -9999 1161.0 1157.0 1151.0 1143.0 1132.0 1120.0 1107.0 1092.0 1076.0 1058.0 1039.0 1022.0 1006.0 992.0 981.0 971.0 961.0 951.0 940.0 929.0 919.0 910.0 903.0 898.0 895.0 891.0 886.0 878.0 867.0 855.0 842.0 829.0 816.0 804.0 793.0 782.0 772.0 762.0 753.0 745.0 738.0 731.0 725.0 718.0 713.0 707.0 702.0 697.0 692.0 688.0 683.0 679.0 674.0 669.0 666.0 668.0 670.0 671.0 672.0 672.0 671.0 669.0 666.0 662.0 658.0 656.0 654.0 654.0 656.0 658.0 661.0 664.0 668.0
-9999 -9999 -9999 1164.0 1161.0 1155.0 1148.0 1139.0 1128.0 1115.0 1101.0 1086.0 1069.0 1051.0 1033.0 1016.0 1000.0 986.0 974.0 963.0 953.0 942.0 931.0 921.0 911.0 902.0 895.0 890.0 887.0 883.0 878.0 870.0 859.0 847.0 834.0 822.0 809.0 797.0 785.0 774.0 763.0 755.0 746.0 738.0 732.0 725.0 720.0 714.0 709.0 704.0 700.0 695.0 690.0 686.0 682.0 678.0 673.0 669.0 673.0 677.0 679.0 680.0 680.0 679.0 676.0 673.0 669.0 665.0 661.0 659.0 658.0 658.0 660.0 663.0 665.0 668.0 672.0
-9999 -9999 1167.0 1164.0 1158.0 1152.0 1143.0 1133.0 1122.0 1109.0 1095.0 1080.0 1063.0 1045.0 1027.0 1010.0 995.0 981.0 968.0 957.0 946.0 935.0 924.0 913.0 904.0 895.0 888.0 882.0 878.0 873.0 868.0 860.0 850.0 839.0 827.0 815.0 802.0 790.0 778.0 766.0 756.0 748.0 740.0 733.0 726.0 721.0 715.0 711.0 707.0 702.0 697.0 693.0 688.0 685.0 681.0 678.0 678.0 679.0 683.0 685.0 687.0 687.0 686.0 684.0 680.0 676.0 672.0 667.0 664.0 662.0 662.0 663.0 665.0 668.0 671.0 674.0 677.0
-9999 -9999 1168.0 1163.0 1155.0 1147.0 1137.0 1127.0 1115.0 1103.0 1089.0 1074.0 1057.0 1040.0 1022.0 1006.0 991.0 977.0 965.0 953.0 941.0 930.0 919.0 908.0 898.0 889.0 881.0 874.0 868.0 862.0 857.0 850.0 840.0 830.0 819.0 807.0 796.0 784.0 772.0 758.0 746.0 743.0 733.0 727.0 721.0 716.0 711.0 709.0 704.0 700.0 695.0 691.0 686.0 684.0 681.0 679.0 684.0 688.0 691.0 693.0 694.0 693.0 691.0 688.0 683.0 678.0 674.0 670.0 667.0 666.0 666.0 668.0 671.0 674.0 678.0 681.0 684.0
-9999 1172.0 1167.0 1160.0 1151.0 1141.0 1131.0 1119.0 1107.0 1095.0 1082.0 1067.0 1051.0 1034.0 1018.0 1002.0 987.0 975.0 963.0 951.0 940.0 929.0 918.0 907.0 896.0 886.0 876.0 866.0 857.0 850.0 845.0 838.0 830.0 821.0 811.0 800.0 789.0 778.0 767.0 749.0 746.0 747.0 743.0 739.0 734.0 729.0 724.0 719.0 713.0 708.0 702.0 698.0 694.0 691.0 690.0 690.0 693.0 696.0 698.0 700.0 699.0 698.0 694.0 690.0 685.0 680.0 676.0 672.0 670.0 670.0 671.0 673.0 677.0 681.0 685.0 689.0 691.0
1177.0 1173.0 1166.0 1157.0 1147.0 1136.0 1124.0 1112.0 1100.0 1087.0 1074.0 1060.0 1045.0 1029.0 1013.0 998.0 985.0 973.0 962.0 952.0 941.0 930.0 919.0 908.0 897.0 886.0 875.0 862.0 843.0 834.0 833.0 827.0 820.0 812.0 803.0 793.0 783.0 772.0 768.0 768.0 759.0 756.0 753.0 750.0 746.0 742.0 736.0 729.0 722.0 716.0 710.0 705.0 701.0 699.0 698.0 699.0 701.0 703.0 705.0 705.0 704.0 701.0 696.0 691.0 686.0 682.0 678.0 676.0 675.0 676.0 677.0 680.0 684.0 689.0 693.0 696.0 698.0
1179.0 1173.0 1164.0 1154.0 1143.0 1131.0 1119.0 1106.0 1093.0 1080.0 1067.0 1053.0 1039.0 1024.0 1009.0 996.0 984.0 973.0 963.0 954.0 944.0 933.0 923.0 913.0 902.0 890.0 879.0 866.0 851.0 834.0 825.0 816.0 812.0 804.0 797.0 788.0 776.0 772.0 772.0 770.0 766.0 764.0 763.0 761.0 758.0 753.0 746.0 739.0 731.0 724.0 718.0 713.0 709.0 706.0 706.0 707.0 709.0 710.0 710.0 709.0 706.0 702.0 697.0 692.0 687.0 684.0 682.0 681.0 681.0 682.0 684.0 687.0 691.0 696.0 700.0 703.0 704.0
1181.0 1173.0 1162.0 1151.0 1139.0 1126.0 1114.0 1100.0 1087.0 1074.0 1061.0 1047.0 1033.0 1020.0 1006.0 994.0 983.0 974.0 965.0 956.0 947.0 938.0 928.0 918.0 908.0 897.0 885.0 873.0 861.0 847.0 833.0 816.0 807.0 798.0 792.0 785.0 776.0 777.0 776.0 775.0 774.0 773.0 772.0 771.0 768.0 763.0 757.0 749.0 741.0 733.0 726.0 721.0 717.0 714.0 714.0 714.0 716.0 716.0 715.0 712.0 708.0 703.0 697.0 693.0 689.0 687.0 686.0 686.0 688.0 689.0 691.0 694.0 698.0 703.0 706.0 709.0 709.0
1183.0 1173.0 1161.0 1148.0 1135.0 1122.0 1109.0 1096.0 1082.0 1069.0 1056.0 1043.0 1029.0 1017.0 1004.0 993.0 984.0 975.0 967.0 960.0 952.0 943.0 934.0 925.0 915.0 904.0 893.0 882.0 871.0 858.0 845.0 829.0 815.0 798.0 788.0 781.0 781.0 783.0 783.0 782.0 782.0 781.0 781.0 780.0 778.0 773.0 767.0 759.0 751.0 743.0 736.0 730.0 725.0 723.0 722.0 722.0 722.0 722.0 719.0 715.0 709.0 704.0 699.0 695.0 692.0 691.0 691.0 692.0 694.0 696.0 698.0 701.0 705.0 709.0 712.0 714.0 715.0
1186.0 1175.0 1161.0 1147.0 1133.0 1119.0 1105.0 1092.0 1078.0 1065.0 1052.0 1039.0 1027.0 1015.0 1004.0 994.0 985.0 978.0 971.0 964.0 956.0 949.0 941.0 932.0 922.0 912.0 902.0 891.0 880.0 868.0 855.0 839.0 823.0 805.0 786.0 786.0 789.0 790.0 791.0 791.0 791.0 791.0 790.0 790.0 787.0 783.0 777.0 770.0 762.0 753.0 746.0 739.0 734.0 731.0 730.0 729.0 728.0 726.0 722.0 717.0 711.0 705.0 701.0 698.0 696.0 696.0 696.0 698.0 700.0 702.0 704.0 707.0 710.0 714.0 717.0 719.0 720.0
1189.0 1178.0 1164.0 1149.0 1134.0 1118.0 1104.0 1089.0 1076.0 1063.0 1050.0 1038.0 1027.0 1016.0 1006.0 997.0 989.0 982.0 975.0 969.0 962.0 955.0 948.0 940.0 931.0 921.0 910.0 900.0 888.0 876.0 862.0 846.0 829.0 810.0 792.0 797.0 799.0 800.0 800.0 800.0 800.0 800.0 800.0 799.0 797.0 793.0 788.0 781.0 773.0 764.0 756.0 749.0 743.0 739.0 737.0 735.0 733.0 729.0 724.0 719.0 713.0 708.0 704.0 702.0 701.0 702.0 703.0 704.0 706.0 708.0 710.0 712.0 715.0 719.0 722.0 724.0 726.0
1193.0 1181.0 1167.0 1152.0 1135.0 1119.0 1104.0 1089.0 1075.0 1063.0 1051.0 1040.0 1030.0 1020.0 1011.0 1002.0 994.0 987.0 981.0 975.0 969.0 963.0 956.0 948.0 939.0 929.0 919.0 908.0 896.0 883.0 868.0 851.0 832.0 811.0 811.0 810.0 810.0 811.0 811.0 810.0 810.0 810.0 810.0 809.0 807.0 803.0 798.0 791.0 784.0 775.0 767.0 759.0 752.0 747.0 743.0 740.0 736.0 731.0 726.0 720.0 714.0 711.0 708.0 708.0 708.0 708.0 709.0 711.0 712.0 714.0 715.0 717.0 720.0 723.0 726.0 729.0 731.0
