data/PosinaDailyOneYear/40/dem_40.asc
NCOLS 582
NROWS 339
XLLCORNER 1668940.0
YLLCORNER 5070820.0
CELLSIZE 20.0
NODATA_VALUE -9999
[rows 272 to 305 of 339, columns 231 to 307 of 582]
1195.0 1184.0 1170.0 1154.0 1137.0 1121.0 1105.0 1090.0 1077.0 1065.0 1055.0 1045.0 1036.0 1027.0 1018.0 1010.0 1002.0 994.0 988.0 982.0 976.0 970.0 964.0 956.0 948.0 938.0 927.0 915.0 902.0 887.0 871.0 853.0 835.0 811.0 819.0 821.0 822.0 822.0 822.0 821.0 821.0 821.0 821.0 819.0 817.0 813.0 808.0 801.0 793.0 785.0 776.0 767.0 760.0 753.0 748.0 743.0 738.0 732.0 726.0 721.0 717.0 714.0 714.0 714.0 714.0 715.0 716.0 717.0 719.0 720.0 721.0 722.0 724.0 727.0 730.0 733.0 736.0
1196.0 1185.0 1171.0 1155.0 1139.0 1123.0 1107.0 1093.0 1081.0 1070.0 1060.0 1052.0 1044.0 1036.0 1028.0 1019.0 1011.0 1003.0 996.0 989.0 983.0 978.0 971.0 964.0 956.0 946.0 935.0 922.0 907.0 890.0 872.0 853.0 835.0 832.0 833.0 834.0 834.0 834.0 833.0 833.0 832.0 832.0 831.0 829.0 826.0 822.0 816.0 809.0 801.0 792.0 783.0 774.0 765.0 758.0 751.0 745.0 739.0 733.0 727.0 723.0 720.0 719.0 719.0 720.0 721.0 722.0 723.0 724.0 726.0 727.0 727.0 727.0 728.0 731.0 734.0 737.0 740.0
1196.0 1185.0 1171.0 1156.0 1140.0 1125.0 1111.0 1098.0 1086.0 1076.0 1068.0 1060.0 1053.0 1046.0 1038.0 1029.0 1020.0 1012.0 1004.0 997.0 991.0 985.0 978.0 971.0 963.0 953.0 941.0 927.0 911.0 892.0 870.0 851.0 851.0 848.0 848.0 847.0 847.0 846.0 846.0 845.0 844.0 843.0 841.0 839.0 835.0 830.0 823.0 816.0 807.0 798.0 788.0 778.0 769.0 760.0 753.0 746.0 740.0 734.0 729.0 726.0 724.0 724.0 725.0 727.0 728.0 728.0 729.0 731.0 732.0 733.0 733.0 733.0 733.0 735.0 737.0 741.0 745.0
1197.0 1185.0 1171.0 1157.0 1143.0 1129.0 1116.0 1104.0 1093.0 1084.0 1076.0 1068.0 1061.0 1054.0 1046.0 1038.0 1029.0 1020.0 1012.0 1005.0 998.0 992.0 985.0 977.0 969.0 958.0 945.0 930.0 913.0 893.0 866.0 866.0 865.0 863.0 862.0 861.0 860.0 859.0 857.0 856.0 855.0 853.0 850.0 847.0 842.0 836.0 829.0 821.0 812.0 802.0 791.0 781.0 771.0 762.0 754.0 748.0 742.0 736.0 732.0 730.0 729.0 729.0 731.0 733.0 734.0 735.0 736.0 737.0 738.0 739.0 738.0 738.0 738.0 739.0 741.0 744.0 748.0
1198.0 1187.0 1173.0 1160.0 1147.0 1134.0 1122.0 1111.0 1101.0 1091.0 1083.0 1075.0 1068.0 1061.0 1053.0 1044.0 1035.0 1027.0 1019.0 1012.0 1005.0 998.0 991.0 983.0 973.0 961.0 948.0 932.0 916.0 899.0 881.0 881.0 880.0 878.0 876.0 874.0 872.0 871.0 869.0 867.0 865.0 862.0 858.0 854.0 848.0 842.0 834.0 825.0 816.0 805.0 794.0 783.0 773.0 764.0 757.0 750.0 745.0 740.0 736.0 734.0 733.0 734.0 737.0 739.0 740.0 741.0 742.0 743.0 744.0 744.0 744.0 743.0 743.0 743.0 745.0 748.0 751.0
1202.0 1190.0 1178.0 1165.0 1153.0 1141.0 1130.0 1119.0 1108.0 1098.0 1089.0 1081.0 1074.0 1066.0 1058.0 1049.0 1040.0 1032.0 1025.0 1018.0 1011.0 1004.0 996.0 986.0 976.0 963.0 950.0 934.0 918.0 899.0 898.0 898.0 896.0 894.0 891.0 888.0 885.0 882.0 880.0 877.0 874.0 870.0 865.0 859.0 853.0 846.0 838.0 829.0 819.0 808.0 797.0 786.0 776.0 767.0 760.0 754.0 749.0 744.0 741.0 738.0 738.0 739.0 741.0 744.0 746.0 747.0 748.0 749.0 749.0 750.0 749.0 748.0 748.0 748.0 749.0 751.0 754.0
1208.0 1197.0 1184.0 1172.0 1160.0 1148.0 1137.0 1126.0 1115.0 1105.0 1095.0 1086.0 1078.0 1070.0 1061.0 1053.0 1044.0 1037.0 1030.0 1023.0 1017.0 1009.0 1000.0 989.0 977.0 965.0 951.0 936.0 918.0 916.0 915.0 914.0 911.0 908.0 905.0 901.0 897.0 893.0 889.0 886.0 881.0 876.0 870.0 864.0 857.0 850.0 841.0 832.0 822.0 811.0 800.0 789.0 779.0 771.0 764.0 759.0 754.0 749.0 745.0 743.0 742.0 743.0 746.0 748.0 751.0 753.0 754.0 754.0 755.0 755.0 754.0 753.0 752.0 752.0 753.0 754.0 757.0
1216.0 1205.0 1193.0 1180.0 1167.0 1155.0 1143.0 1132.0 1121.0 1110.0 1100.0 1090.0 1081.0 1073.0 1064.0 1056.0 1048.0 1040.0 1034.0 1028.0 1021.0 1012.0 1002.0 989.0 977.0 967.0 954.0 936.0 934.0 933.0 931.0 929.0 926.0 922.0 918.0 913.0 908.0 903.0 898.0 893.0 888.0 882.0 875.0 868.0 860.0 852.0 844.0 835.0 825.0 814.0 802.0 792.0 783.0 775.0 769.0 764.0 759.0 754.0 750.0 747.0 746.0 747.0 750.0 753.0 756.0 758.0 759.0 759.0 759.0 759.0 759.0 758.0 757.0 756.0 756.0 758.0 760.0
1223.0 1213.0 1200.0 1187.0 1174.0 1161.0 1149.0 1137.0 1125.0 1114.0 1104.0 1094.0 1084.0 1075.0 1067.0 1058.0 1051.0 1044.0 1038.0 1031.0 1024.0 1014.0 1002.0 987.0 973.0 973.0 954.0 951.0 948.0 947.0 945.0 943.0 939.0 935.0 930.0 924.0 918.0 912.0 905.0 899.0 892.0 885.0 878.0 870.0 862.0 855.0 846.0 837.0 826.0 815.0 804.0 795.0 786.0 780.0 775.0 770.0 765.0 759.0 754.0 751.0 750.0 751.0 754.0 757.0 761.0 763.0 764.0 765.0 764.0 764.0 763.0 763.0 761.0 760.0 760.0 761.0 762.0
1229.0 1219.0 1206.0 1193.0 1179.0 1165.0 1152.0 1140.0 1128.0 1117.0 1106.0 1096.0 1086.0 1077.0 1068.0 1060.0 1053.0 1047.0 1041.0 1034.0 1027.0 1017.0 1003.0 982.0 982.0 977.0 969.0 964.0 961.0 959.0 957.0 955.0 951.0 946.0 940.0 934.0 926.0 919.0 911.0 903.0 896.0 888.0 880.0 872.0 864.0 856.0 847.0 838.0 827.0 817.0 806.0 798.0 790.0 785.0 781.0 776.0 771.0 765.0 759.0 755.0 754.0 755.0 757.0 761.0 765.0 768.0 770.0 770.0 769.0 768.0 768.0 767.0 766.0 765.0 764.0 764.0 764.0
1234.0 1223.0 1210.0 1196.0 1182.0 1168.0 1155.0 1142.0 1130.0 1118.0 1107.0 1096.0 1086.0 1077.0 1069.0 1061.0 1055.0 1049.0 1043.0 1037.0 1030.0 1021.0 1011.0 990.0 989.0 985.0 980.0 976.0 972.0 970.0 968.0 965.0 961.0 956.0 949.0 941.0 933.0 924.0 915.0 906.0 898.0 890.0 881.0 873.0 865.0 857.0 848.0 839.0 828.0 818.0 809.0 801.0 795.0 791.0 787.0 783.0 777.0 770.0 764.0 760.0 758.0 759.0 762.0 766.0 771.0 774.0 776.0 775.0 774.0 773.0 773.0 772.0 770.0 769.0 768.0 767.0 -9999
1236.0 1225.0 1212.0 1198.0 1184.0 1170.0 1157.0 1144.0 1132.0 1119.0 1107.0 1095.0 1085.0 1076.0 1068.0 1062.0 1056.0 1050.0 1045.0 1039.0 1032.0 1023.0 1011.0 1003.0 998.0 994.0 990.0 986.0 983.0 980.0 978.0 975.0 970.0 964.0 956.0 947.0 937.0 926.0 917.0 908.0 899.0 891.0 883.0 875.0 867.0 858.0 849.0 839.0 830.0 820.0 812.0 805.0 800.0 796.0 794.0 790.0 784.0 777.0 770.0 766.0 763.0 764.0 767.0 771.0 777.0 781.0 782.0 781.0 780.0 778.0 777.0 776.0 775.0 773.0 771.0 -9999 -9999
1235.0 1225.0 1213.0 1199.0 1185.0 1171.0 1158.0 1145.0 1132.0 1119.0 1106.0 1095.0 1084.0 1075.0 1068.0 1062.0 1056.0 1051.0 1046.0 1040.0 1034.0 1026.0 1018.0 1011.0 1006.0 1002.0 998.0 995.0 992.0 990.0 987.0 984.0 978.0 970.0 960.0 950.0 938.0 927.0 917.0 908.0 900.0 892.0 884.0 876.0 868.0 859.0 850.0 841.0 832.0 823.0 816.0 810.0 806.0 803.0 800.0 797.0 791.0 784.0 777.0 772.0 770.0 770.0 773.0 778.0 783.0 787.0 789.0 788.0 786.0 784.0 782.0 781.0 779.0 776.0 -9999 -9999 -9999
-9999 1222.0 1211.0 1199.0 1185.0 1172.0 1159.0 1146.0 1133.0 1119.0 1106.0 1094.0 1084.0 1075.0 1068.0 1062.0 1057.0 1052.0 1047.0 1041.0 1036.0 1030.0 1022.0 1017.0 1013.0 1010.0 1006.0 1003.0 1001.0 999.0 996.0 991.0 984.0 974.0 963.0 951.0 939.0 928.0 918.0 909.0 901.0 894.0 886.0 878.0 870.0 861.0 852.0 843.0 834.0 826.0 820.0 815.0 812.0 810.0 808.0 805.0 800.0 793.0 786.0 781.0 778.0 778.0 780.0 785.0 790.0 794.0 795.0 794.0 792.0 789.0 787.0 785.0 782.0 -9999 -9999 -9999 -9999
-9999 -9999 1209.0 1197.0 1184.0 1171.0 1158.0 1145.0 1132.0 1119.0 1106.0 1094.0 1084.0 1076.0 1069.0 1064.0 1058.0 1052.0 1047.0 1040.0 1037.0 1034.0 1027.0 1023.0 1020.0 1017.0 1014.0 1011.0 1009.0 1007.0 1004.0 998.0 989.0 978.0 965.0 952.0 940.0 929.0 920.0 911.0 904.0 896.0 888.0 880.0 872.0 863.0 854.0 846.0 838.0 831.0 825.0 821.0 818.0 817.0 816.0 813.0 808.0 802.0 796.0 790.0 787.0 787.0 789.0 793.0 797.0 801.0 802.0 800.0 797.0 794.0 791.0 -9999 -9999 -9999 -9999 -9999 -9999
-9999 -9999 1204.0 1194.0 1182.0 1169.0 1157.0 1144.0 1131.0 1118.0 1106.0 1095.0 1086.0 1078.0 1072.0 1066.0 1060.0 1053.0 1046.0 1037.0 1037.0 1034.0 1032.0 1030.0 1026.0 1023.0 1020.0 1018.0 1016.0 1014.0 1010.0 1003.0 993.0 981.0 968.0 955.0 943.0 932.0 923.0 915.0 907.0 899.0 891.0 883.0 875.0 866.0 858.0 849.0 842.0 836.0 831.0 827.0 825.0 825.0 824.0 822.0 818.0 813.0 807.0 802.0 798.0 797.0 799.0 802.0 806.0 808.0 808.0 806.0 803.0 -9999 -9999 -9999 -9999 -9999 -9999 -9999 -9999
-9999 -9999 -9999 1189.0 1178.0 1166.0 1154.0 1142.0 1130.0 1118.0 1107.0 1097.0 1088.0 1081.0 1074.0 1068.0 1062.0 1056.0 1049.0 1040.0 1041.0 1040.0 1038.0 1036.0 1033.0 1030.0 1027.0 1025.0 1022.0 1020.0 1015.0 1008.0 998.0 985.0 972.0 959.0 947.0 937.0 927.0 919.0 910.0 902.0 894.0 886.0 878.0 870.0 862.0 854.0 847.0 841.0 837.0 834.0 832.0 833.0 833.0 832.0 829.0 824.0 819.0 814.0 811.0 809.0 810.0 812.0 815.0 816.0 815.0 812.0 -9999 -9999 -9999 -9999 -9999 -9999 -9999 -9999 -9999
-9999 -9999 -9999 1183.0 1173.0 1163.0 1151.0 1140.0 1129.0 1118.0 1108.0 1099.0 1090.0 1083.0 1076.0 1070.0 1064.0 1058.0 1053.0 1048.0 1047.0 1046.0 1044.0 1042.0 1039.0 1036.0 1034.0 1031.0 1029.0 1025.0 1020.0 1012.0 1002.0 990.0 977.0 965.0 953.0 942.0 933.0 923.0 915.0 906.0 897.0 889.0 881.0 874.0 866.0 859.0 853.0 847.0 843.0 840.0 840.0 840.0 842.0 843.0 841.0 837.0 833.0 828.0 825.0 823.0 823.0 824.0 825.0 825.0 822.0 -9999 -9999 -9999 -9999 -9999 -9999 -9999 -9999 -9999 -9999
-9999 -9999 -9999 1178.0 1169.0 1159.0 1149.0 1139.0 1128.0 1119.0 1109.0 1100.0 1092.0 1085.0 1078.0 1072.0 1067.0 1061.0 1057.0 1054.0 1052.0 1051.0 1049.0 1047.0 1045.0 1043.0 1040.0 1038.0 1035.0 1031.0 1026.0 1018.0 1008.0 996.0 984.0 972.0 961.0 950.0 939.0 929.0 920.0 910.0 901.0 893.0 886.0 879.0 872.0 865.0 859.0 854.0 850.0 847.0 847.0 849.0 851.0 853.0 854.0 852.0 848.0 844.0 840.0 838.0 837.0 836.0 836.0 833.0 -9999 -9999 -9999 -9999 -9999 -9999 -9999 -9999 -9999 -9999 -9999
-9999 -9999 -9999 1174.0 1167.0 1158.0 1149.0 1139.0 1130.0 1120.0 1111.0 1103.0 1095.0 1087.0 1080.0 1074.0 1069.0 1064.0 1060.0 1057.0 1055.0 1054.0 1053.0 1052.0 1051.0 1049.0 1047.0 1045.0 1042.0 1038.0 1032.0 1024.0 1014.0 1004.0 992.0 981.0 969.0 958.0 947.0 936.0 925.0 915.0 906.0 898.0 891.0 884.0 878.0 872.0 866.0 861.0 857.0 855.0 855.0 857.0 861.0 865.0 867.0 866.0 864.0 860.0 856.0 853.0 851.0 848.0 845.0 -9999 -9999 -9999 -9999 -9999 -9999 -9999 -9999 -9999 -9999 -9999 -9999
-9999 -9999 -9999 1173.0 1167.0 1159.0 1151.0 1142.0 1134.0 1124.0 1115.0 1106.0 1098.0 1090.0 1083.0 1077.0 1071.0 1067.0 -9999 -9999 -9999 -9999 -9999 -9999 1056.0 1055.0 1054.0 1052.0 1050.0 1046.0 1040.0 1033.0 1023.0 1013.0 1002.0 990.0 979.0 968.0 956.0 944.0 933.0 922.0 913.0 905.0 898.0 892.0 885.0 880.0 874.0 869.0 865.0 863.0 864.0 867.0 871.0 875.0 879.0 880.0 879.0 877.0 872.0 868.0 864.0 859.0 -9999 -9999 -9999 -9999 -9999 -9999 -9999 -9999 -9999 -9999 -9999 -9999 -9999
-9999 -9999 -9999 -9999 1170.0 1163.0 1156.0 1148.0 1140.0 1130.0 1121.0 1111.0 1103.0 1095.0 1087.0 1081.0 1074.0 -9999 -9999 -9999 -9999 -9999 -9999 -9999 -9999 1061.0 1060.0 1059.0 1058.0 1055.0 1050.0 1042.0 1033.0 1023.0 1012.0 1001.0 990.0 978.0 966.0 954.0 942.0 931.0 921.0 913.0 906.0 900.0 894.0 888.0 882.0 877.0 874.0 872.0 873.0 876.0 880.0 885.0 890.0 892.0 893.0 890.0 886.0 880.0 874.0 -9999 -9999 -9999 -9999 -9999 -9999 -9999 -9999 -9999 -9999 -9999 -9999 -9999 -9999
-9999 -9999 -9999 -9999 1174.0 1170.0 1164.0 1156.0 1148.0 1138.0 1128.0 1118.0 1109.0 1101.0 1093.0 -9999 -9999 -9999 -9999 -9999 -9999 -9999 -9999 -9999 -9999 1065.0 1066.0 1066.0 1066.0 1064.0 1059.0 1053.0 1044.0 1034.0 1023.0 1012.0 1001.0 989.0 977.0 965.0 952.0 941.0 931.0 922.0 915.0 908.0 902.0 896.0 891.0 886.0 883.0 882.0 883.0 886.0 890.0 895.0 899.0 902.0 903.0 900.0 895.0 888.0 -9999 -9999 -9999 -9999 -9999 -9999 -9999 -9999 -9999 -9999 -9999 -9999 -9999 -9999 -9999
-9999 -9999 -9999 -9999 -9999 1176.0 1172.0 1165.0 1156.0 1147.0 1137.0 1127.0 1117.0 1109.0 -9999 -9999 -9999 -9999 -9999 -9999 -9999 -9999 -9999 -9999 -9999 -9999 -9999 -9999 1072.0 1071.0 1068.0 1062.0 1054.0 1045.0 1035.0 1024.0 1013.0 1001.0 988.0 976.0 963.0 952.0 941.0 932.0 925.0 918.0 911.0 905.0 900.0 895.0 893.0 892.0 893.0 896.0 900.0 904.0 908.0 910.0 910.0 907.0 900.0 -9999 -9999 -9999 -9999 -9999 -9999 -9999 -9999 -9999 -9999 -9999 -9999 -9999 -9999 -9999 -9999
-9999 -9999 -9999 -9999 -9999 -9999 1179.0 1173.0 1164.0 1155.0 1145.0 1135.0 1126.0 -9999 -9999 -9999 -9999 -9999 -9999 -9999 -9999 -9999 -9999 -9999 -9999 -9999 -9999 -9999 -9999 -9999 1076.0 1071.0 1064.0 1055.0 1045.0 1035.0 1024.0 1012.0 1000.0 987.0 974.0 963.0 952.0 942.0 934.0 927.0 920.0 914.0 909.0 905.0 903.0 903.0 904.0 906.0 910.0 913.0 916.0 917.0 915.0 -9999 -9999 -9999 -9999 -9999 -9999 -9999 -9999 -9999 -9999 -9999 -9999 -9999 -9999 -9999 -9999 -9999 -9999
-9999 -9999 -9999 -9999 -9999 -9999 1184.0 1178.0 1170.0 1162.0 1152.0 -9999 -9999 -9999 -9999 -9999 -9999 -9999 -9999 -9999 -9999 -9999 -9999 -9999 -9999 -9999 -9999 -9999 -9999 -9999 1083.0 1079.0 1073.0 1065.0 1056.0 1045.0 1034.0 1023.0 1010.0 998.0 985.0 973.0 962.0 952.0 944.0 936.0 929.0 923.0 918.0 915.0 913.0 914.0 915.0 918.0 920.0 923.0 924.0 923.0 -9999 -9999 -9999 -9999 -9999 -9999 -9999 -9999 -9999 -9999 -9999 -9999 -9999 -9999 -9999 -9999 -9999 -9999 -9999
-9999 -9999 -9999 -9999 -9999 -9999 -9999 -9999 -9999 -9999 -9999 -9999 -9999 -9999 -9999 -9999 -9999 -9999 -9999 -9999 -9999 -9999 -9999 -9999 -9999 -9999 -9999 -9999 -9999 -9999 -9999 1086.0 1081.0 1074.0 1065.0 1055.0 1044.0 1033.0 1020.0 1008.0 996.0 984.0 972.0 962.0 953.0 945.0 938.0 932.0 927.0 925.0 924.0 926.0 927.0 930.0 932.0 933.0 933.0 -9999 -9999 -9999 -9999 -9999 -9999 -9999 -9999 -9999 -9999 -9999 -9999 -9999 -9999 -9999 -9999 -9999 -9999 -9999 -9999
-9999 -9999 -9999 -9999 -9999 -9999 -9999 -9999 -9999 -9999 -9999 -9999 -9999 -9999 -9999 -9999 -9999 -9999 -9999 -9999 -9999 -9999 -9999 -9999 -9999 -9999 -9999 -9999 -9999 -9999 -9999 1092.0 1088.0 1082.0 1074.0 1065.0 1054.0 1042.0 1030.0 1018.0 1005.0 993.0 982.0 972.0 962.0 954.0 947.0 941.0 937.0 936.0 936.0 938.0 940.0 942.0 944.0 944.0 -9999 -9999 -9999 -9999 -9999 -9999 -9999 -9999 -9999 -9999 -9999 -9999 -9999 -9999 -9999 -9999 -9999 -9999 -9999 -9999 -9999
-9999 -9999 -9999 -9999 -9999 -9999 -9999 -9999 -9999 -9999 -9999 -9999 -9999 -9999 -9999 -9999 -9999 -9999 -9999 -9999 -9999 -9999 -9999 -9999 -9999 -9999 -9999 -9999 -9999 -9999 -9999 -9999 1095.0 1089.0 1082.0 1073.0 1063.0 1052.0 1040.0 1027.0 1015.0 1003.0 992.0 981.0 972.0 963.0 956.0 951.0 948.0 948.0 949.0 951.0 954.0 955.0 956.0 954.0 -9999 -9999 -9999 -9999 -9999 -9999 -9999 -9999 -9999 -9999 -9999 -9999 -9999 -9999 -9999 -9999 -9999 -9999 -9999 -9999 -9999
-9999 -9999 -9999 -9999 -9999 -9999 -9999 -9999 -9999 -9999 -9999 -9999 -9999 -9999 -9999 -9999 -9999 -9999 -9999 -9999 -9999 -9999 -9999 -9999 -9999 -9999 -9999 -9999 -9999 -9999 -9999 -9999 1100.0 1096.0 1090.0 1082.0 1072.0 1061.0 1049.0 1037.0 1025.0 1013.0 1002.0 991.0 982.0 974.0 967.0 962.0 960.0 960.0 963.0 966.0 968.0 969.0 968.0 -9999 -9999 -9999 -9999 -9999 -9999 -9999 -9999 -9999 -9999 -9999 -9999 -9999 -9999 -9999 -9999 -9999 -9999 -9999 -9999 -9999 -9999
-9999 -9999 -9999 -9999 -9999 -9999 -9999 -9999 -9999 -9999 -9999 -9999 -9999 -9999 -9999 -9999 -9999 -9999 -9999 -9999 -9999 -9999 -9999 -9999 -9999 -9999 -9999 -9999 -9999 -9999 -9999 -9999 -9999 1102.0 1096.0 1089.0 1080.0 1070.0 1058.0 1047.0 1034.0 1023.0 1012.0 1002.0 993.0 985.0 978.0 974.0 973.0 974.0 977.0 980.0 982.0 983.0 980.0 -9999 -9999 -9999 -9999 -9999 -9999 -9999 -9999 -9999 -9999 -9999 -9999 -9999 -9999 -9999 -9999 -9999 -9999 -9999 -9999 -9999 -9999
-9999 -9999 -9999 -9999 -9999 -9999 -9999 -9999 -9999 -9999 -9999 -9999 -9999 -9999 -9999 -9999 -9999 -9999 -9999 -9999 -9999 -9999 -9999 -9999 -9999 -9999 -9999 -9999 -9999 -9999 -9999 -9999 -9999 -9999 1102.0 1096.0 1088.0 1078.0 1067.0 1056.0 1044.0 1033.0 1022.0 1013.0 1004.0 997.0 990.0 986.0 985.0 987.0 991.0 994.0 996.0 995.0 -9999 -9999 -9999 -9999 -9999 -9999 -9999 -9999 -9999 -9999 -9999 -9999 -9999 -9999 -9999 -9999 -9999 -9999 -9999 -9999 -9999 -9999 -9999
-9999 -9999 -9999 -9999 -9999 -9999 -9999 -9999 -9999 -9999 -9999 -9999 -9999 -9999 -9999 -9999 -9999 -9999 -9999 -9999 -9999 -9999 -9999 -9999 -9999 -9999 -9999 -9999 -9999 -9999 -9999 -9999 -9999 -9999 1106.0 1101.0 1094.0 1086.0 1076.0 1065.0 1054.0 1043.0 1033.0 1024.0 1016.0 1009.0 1003.0 999.0 998.0 1000.0 1004.0 1007.0 1008.0 1006.0 -9999 -9999 -9999 -9999 -9999 -9999 -9999 -9999 -9999 -9999 -9999 -9999 -9999 -9999 -9999 -9999 -9999 -9999 -9999 -9999 -9999 -9999 -9999
-9999 -9999 -9999 -9999 -9999 -9999 -9999 -9999 -9999 -9999 -9999 -9999 -9999 -9999 -9999 -9999 -9999 -9999 -9999 -9999 -9999 -9999 -9999 -9999 -9999 -9999 -9999 -9999 -9999 -9999 -9999 -9999 -9999 -9999 -9999 1106.0 1101.0 1093.0 1084.0 1074.0 1063.0 1053.0 1044.0 1036.0 1028.0 1021.0 1015.0 1011.0 1011.0 1012.0 1016.0 1018.0 1018.0 -9999 -9999 -9999 -9999 -9999 -9999 -9999 -9999 -9999 -9999 -9999 -9999 -9999 -9999 -9999 -9999 -9999 -9999 -9999 -9999 -9999 -9999 -9999 -9999
