data/PosinaDailyOneYear/7/dem_7.asc
ncols        675
nrows        650
xllcorner    1669000.000000000000
yllcorner    5070800.000000000000
cellsize     20.000000000000
NODATA_value  -9999
[rows 385 to 419 of 650, columns 539 to 615 of 675]
427 425 423 420 418 416 414 413 412 413 415 417 419 422 426 433 441 452 463 475 486 498 509 519 530 542 554 566 579 590 601 608 612 611 -9999 -9999 -9999 -9999 -9999 -9999 -9999 -9999 -9999 -9999 -9999 -9999 -9999 -9999 -9999 -9999 -9999 -9999 -9999 -9999 -9999 -9999 -9999 -9999 -9999 -9999 -9999 -9999 -9999 -9999 -9999 -9999 -9999 -9999 -9999 -9999 -9999 -9999 -9999 -9999 -9999 -9999 -9999
435 432 428 424 421 418 415 413 412 412 414 415 417 419 423 427 434 443 453 464 476 487 498 509 520 532 544 557 570 582 593 602 606 607 604 -9999 -9999 -9999 -9999 -9999 -9999 -9999 -9999 -9999 -9999 -9999 -9999 -9999 -9999 -9999 -9999 -9999 -9999 -9999 -9999 -9999 -9999 -9999 -9999 -9999 -9999 -9999 -9999 -9999 -9999 -9999 -9999 -9999 -9999 -9999 -9999 -9999 -9999 -9999 -9999 -9999 -9999
445 441 435 430 424 420 417 414 411 411 413 414 416 417 420 423 429 436 444 454 465 476 488 499 511 523 536 548 561 573 585 593 599 601 599 595 -9999 -9999 -9999 -9999 -9999 -9999 -9999 -9999 -9999 -9999 -9999 -9999 -9999 -9999 -9999 -9999 -9999 -9999 -9999 -9999 -9999 -9999 -9999 -9999 -9999 -9999 -9999 -9999 -9999 -9999 -9999 -9999 -9999 -9999 -9999 -9999 -9999 -9999 -9999 -9999 -9999
457 451 445 437 430 424 419 416 413 411 412 414 415 416 418 420 424 429 436 445 455 466 478 490 502 514 527 540 552 564 575 583 589 591 591 588 582 574 -9999 -9999 -9999 -9999 -9999 -9999 -9999 -9999 -9999 -9999 -9999 -9999 -9999 -9999 -9999 -9999 -9999 -9999 -9999 -9999 -9999 -9999 -9999 -9999 -9999 -9999 -9999 -9999 -9999 -9999 -9999 -9999 -9999 -9999 -9999 -9999 -9999 -9999 -9999
470 463 454 445 436 428 422 417 414 411 412 413 414 415 416 418 421 425 430 437 446 456 468 480 493 506 519 532 544 555 564 571 576 579 580 579 574 568 561 -9999 -9999 -9999 -9999 -9999 -9999 -9999 -9999 -9999 -9999 -9999 -9999 -9999 -9999 -9999 -9999 -9999 -9999 -9999 -9999 -9999 -9999 -9999 -9999 -9999 -9999 -9999 -9999 -9999 -9999 -9999 -9999 -9999 -9999 -9999 -9999 -9999 -9999
482 474 465 454 443 434 426 420 415 411 411 412 413 414 415 416 418 421 425 431 439 448 460 472 485 499 512 524 535 544 552 558 562 566 567 567 564 559 553 546 -9999 -9999 -9999 -9999 -9999 -9999 -9999 -9999 -9999 -9999 -9999 -9999 -9999 -9999 -9999 -9999 -9999 -9999 -9999 -9999 -9999 -9999 -9999 -9999 -9999 -9999 -9999 -9999 -9999 -9999 -9999 -9999 -9999 -9999 -9999 -9999 -9999
494 485 475 463 452 441 431 423 417 410 410 411 412 413 414 415 416 418 422 426 433 442 453 465 478 491 504 516 526 533 539 544 548 551 553 553 551 548 543 537 531 -9999 -9999 -9999 -9999 -9999 -9999 -9999 -9999 -9999 -9999 -9999 -9999 -9999 -9999 -9999 -9999 -9999 -9999 -9999 -9999 -9999 -9999 -9999 -9999 -9999 -9999 -9999 -9999 -9999 -9999 -9999 -9999 -9999 -9999 -9999 -9999
506 496 485 473 461 449 438 429 420 411 410 411 411 412 412 413 415 416 419 423 429 437 447 458 471 484 497 507 516 522 527 530 534 537 539 539 538 534 530 526 522 518 -9999 -9999 -9999 -9999 -9999 -9999 -9999 -9999 -9999 -9999 -9999 -9999 -9999 -9999 -9999 -9999 -9999 -9999 -9999 -9999 -9999 -9999 -9999 -9999 -9999 -9999 -9999 -9999 -9999 -9999 -9999 -9999 -9999 -9999 -9999
517 507 495 483 470 458 446 436 427 418 410 411 410 411 411 412 413 414 417 420 425 432 441 453 465 477 489 498 505 510 514 517 520 523 524 525 523 520 517 513 511 508 506 -9999 -9999 -9999 -9999 -9999 -9999 -9999 -9999 -9999 -9999 -9999 -9999 -9999 -9999 -9999 -9999 -9999 -9999 -9999 -9999 -9999 -9999 -9999 -9999 -9999 -9999 -9999 -9999 -9999 -9999 -9999 -9999 -9999 -9999
528 517 505 493 480 468 456 445 435 426 418 411 410 410 410 411 411 412 414 417 422 428 437 448 459 471 481 489 494 498 500 503 505 508 509 509 508 506 503 501 500 498 497 -9999 -9999 -9999 -9999 -9999 -9999 -9999 -9999 -9999 -9999 -9999 -9999 -9999 -9999 -9999 -9999 -9999 -9999 -9999 -9999 -9999 -9999 -9999 -9999 -9999 -9999 -9999 -9999 -9999 -9999 -9999 -9999 -9999 -9999
538 527 515 502 490 478 466 454 443 434 426 419 414 410 410 410 410 409 412 414 418 425 433 443 454 463 472 477 481 484 486 488 491 493 494 494 494 492 490 489 489 489 488 -9999 -9999 -9999 -9999 -9999 -9999 -9999 -9999 -9999 -9999 -9999 -9999 -9999 -9999 -9999 -9999 -9999 -9999 -9999 -9999 -9999 -9999 -9999 -9999 -9999 -9999 -9999 -9999 -9999 -9999 -9999 -9999 -9999 -9999
548 536 524 511 499 487 475 463 452 442 433 425 419 415 412 411 410 409 409 411 414 420 429 438 447 455 461 465 468 470 472 474 476 478 479 480 480 479 478 478 479 480 480 -9999 -9999 -9999 -9999 -9999 -9999 -9999 -9999 -9999 -9999 -9999 -9999 -9999 -9999 -9999 -9999 -9999 -9999 -9999 -9999 -9999 -9999 -9999 -9999 -9999 -9999 -9999 -9999 -9999 -9999 -9999 -9999 -9999 -9999
555 543 531 519 507 495 484 472 461 450 440 431 423 417 414 412 411 410 409 409 408 415 423 431 439 445 449 452 454 456 458 460 463 464 466 467 467 468 468 469 471 472 473 -9999 -9999 -9999 -9999 -9999 -9999 -9999 -9999 -9999 -9999 -9999 -9999 -9999 -9999 -9999 -9999 -9999 -9999 -9999 -9999 -9999 -9999 -9999 -9999 -9999 -9999 -9999 -9999 -9999 -9999 -9999 -9999 -9999 -9999
560 549 537 525 513 502 490 479 468 456 446 435 426 420 415 413 411 410 410 409 409 408 417 424 430 434 437 440 442 443 446 448 450 453 454 456 457 459 461 463 465 466 467 -9999 -9999 -9999 -9999 -9999 -9999 -9999 -9999 -9999 -9999 -9999 -9999 -9999 -9999 -9999 -9999 -9999 -9999 -9999 -9999 -9999 -9999 -9999 -9999 -9999 -9999 -9999 -9999 -9999 -9999 -9999 -9999 -9999 -9999
562 551 539 528 516 505 494 483 472 461 450 439 429 421 416 413 412 411 410 409 408 408 414 418 422 425 427 429 431 433 435 437 440 442 445 447 449 452 455 458 460 462 463 -9999 -9999 -9999 -9999 -9999 -9999 -9999 -9999 -9999 -9999 -9999 -9999 -9999 -9999 -9999 -9999 -9999 -9999 -9999 -9999 -9999 -9999 -9999 -9999 -9999 -9999 -9999 -9999 -9999 -9999 -9999 -9999 -9999 -9999
560 550 539 528 516 506 495 485 474 464 453 441 430 422 416 413 412 411 410 409 408 408 411 414 416 418 419 421 422 424 426 428 431 434 437 440 443 447 450 454 457 459 460 -9999 -9999 -9999 -9999 -9999 -9999 -9999 -9999 -9999 -9999 -9999 -9999 -9999 -9999 -9999 -9999 -9999 -9999 -9999 -9999 -9999 -9999 -9999 -9999 -9999 -9999 -9999 -9999 -9999 -9999 -9999 -9999 -9999 -9999
555 545 535 525 514 504 494 484 474 464 453 442 431 422 416 413 411 410 410 409 408 408 409 411 412 413 414 415 416 417 419 421 424 427 430 434 438 442 446 450 453 456 458 458 -9999 -9999 -9999 -9999 -9999 -9999 -9999 -9999 -9999 -9999 -9999 -9999 -9999 -9999 -9999 -9999 -9999 -9999 -9999 -9999 -9999 -9999 -9999 -9999 -9999 -9999 -9999 -9999 -9999 -9999 -9999 -9999 -9999
548 539 530 520 509 499 490 480 471 462 452 441 431 422 416 413 411 410 410 409 408 408 407 409 410 410 411 412 412 413 414 416 418 421 424 429 433 438 442 447 450 453 455 456 -9999 -9999 -9999 -9999 -9999 -9999 -9999 -9999 -9999 -9999 -9999 -9999 -9999 -9999 -9999 -9999 -9999 -9999 -9999 -9999 -9999 -9999 -9999 -9999 -9999 -9999 -9999 -9999 -9999 -9999 -9999 -9999 -9999
541 532 523 513 503 494 485 476 467 458 449 439 429 421 416 413 412 411 410 409 408 406 407 408 408 409 409 410 410 411 412 413 414 417 420 424 429 434 438 443 447 450 453 455 -9999 -9999 -9999 -9999 -9999 -9999 -9999 -9999 -9999 -9999 -9999 -9999 -9999 -9999 -9999 -9999 -9999 -9999 -9999 -9999 -9999 -9999 -9999 -9999 -9999 -9999 -9999 -9999 -9999 -9999 -9999 -9999 -9999
534 525 516 507 497 488 478 470 461 453 444 436 427 420 416 413 412 411 410 409 408 406 406 407 408 408 408 409 409 409 410 411 412 413 416 420 425 430 435 439 444 448 451 454 455 -9999 -9999 -9999 -9999 -9999 -9999 -9999 -9999 -9999 -9999 -9999 -9999 -9999 -9999 -9999 -9999 -9999 -9999 -9999 -9999 -9999 -9999 -9999 -9999 -9999 -9999 -9999 -9999 -9999 -9999 -9999 -9999
528 519 510 501 491 482 473 464 455 448 440 433 425 419 416 414 413 412 411 409 408 407 406 407 407 407 408 408 408 408 409 409 410 411 414 417 421 426 431 436 441 446 450 452 454 -9999 -9999 -9999 -9999 -9999 -9999 -9999 -9999 -9999 -9999 -9999 -9999 -9999 -9999 -9999 -9999 -9999 -9999 -9999 -9999 -9999 -9999 -9999 -9999 -9999 -9999 -9999 -9999 -9999 -9999 -9999 -9999
525 515 506 496 487 477 468 459 452 444 437 431 425 420 417 415 414 413 412 410 409 407 406 407 407 407 407 407 408 408 408 409 409 410 412 415 418 423 429 434 439 444 448 451 453 -9999 -9999 -9999 -9999 -9999 -9999 -9999 -9999 -9999 -9999 -9999 -9999 -9999 -9999 -9999 -9999 -9999 -9999 -9999 -9999 -9999 -9999 -9999 -9999 -9999 -9999 -9999 -9999 -9999 -9999 -9999 -9999
523 513 503 493 484 475 466 458 450 444 437 431 426 422 419 417 416 415 413 411 409 408 406 406 406 407 407 407 407 407 408 408 408 409 411 413 417 421 427 433 438 442 446 449 451 452 -9999 -9999 -9999 -9999 -9999 -9999 -9999 -9999 -9999 -9999 -9999 -9999 -9999 -9999 -9999 -9999 -9999 -9999 -9999 -9999 -9999 -9999 -9999 -9999 -9999 -9999 -9999 -9999 -9999 -9999 -9999
522 512 502 493 483 474 466 458 452 445 439 434 428 424 422 420 418 417 415 412 410 408 406 406 406 406 407 407 407 407 407 408 408 409 410 412 415 420 425 431 436 440 443 446 448 450 451 -9999 -9999 -9999 -9999 -9999 -9999 -9999 -9999 -9999 -9999 -9999 -9999 -9999 -9999 -9999 -9999 -9999 -9999 -9999 -9999 -9999 -9999 -9999 -9999 -9999 -9999 -9999 -9999 -9999 -9999
523 513 503 494 485 476 468 461 455 449 443 438 433 428 425 423 421 419 416 414 411 409 406 405 406 406 406 406 406 407 407 407 407 408 409 411 414 418 423 428 433 437 440 443 446 449 451 -9999 -9999 -9999 -9999 -9999 -9999 -9999 -9999 -9999 -9999 -9999 -9999 -9999 -9999 -9999 -9999 -9999 -9999 -9999 -9999 -9999 -9999 -9999 -9999 -9999 -9999 -9999 -9999 -9999 -9999
525 515 506 497 488 480 473 466 460 454 448 443 438 433 430 427 424 421 418 415 412 409 406 405 406 406 406 406 406 406 406 407 407 408 409 410 413 416 421 426 431 435 438 441 445 449 452 455 -9999 -9999 -9999 -9999 -9999 -9999 -9999 -9999 -9999 -9999 -9999 -9999 -9999 -9999 -9999 -9999 -9999 -9999 -9999 -9999 -9999 -9999 -9999 -9999 -9999 -9999 -9999 -9999 -9999
528 518 509 501 492 485 478 472 465 460 454 449 444 439 435 432 429 425 422 418 414 410 407 405 405 406 406 406 406 406 406 406 406 407 408 409 412 415 420 425 430 434 437 441 445 449 453 457 -9999 -9999 -9999 -9999 -9999 -9999 -9999 -9999 -9999 -9999 -9999 -9999 -9999 -9999 -9999 -9999 -9999 -9999 -9999 -9999 -9999 -9999 -9999 -9999 -9999 -9999 -9999 -9999 -9999
532 523 514 505 498 491 484 478 472 466 461 455 450 446 442 439 435 432 427 423 418 413 407 405 405 405 405 405 405 405 405 405 406 406 408 409 412 416 420 426 431 435 439 442 446 451 455 459 463 -9999 -9999 -9999 -9999 -9999 -9999 -9999 -9999 -9999 -9999 -9999 -9999 -9999 -9999 -9999 -9999 -9999 -9999 -9999 -9999 -9999 -9999 -9999 -9999 -9999 -9999 -9999 -9999
537 528 519 511 504 497 491 485 480 474 468 463 458 454 451 448 445 441 436 431 425 418 406 405 405 405 405 405 404 403 404 404 405 406 407 409 413 417 423 429 435 439 443 446 450 454 459 463 468 473 -9999 -9999 -9999 -9999 -9999 -9999 -9999 -9999 -9999 -9999 -9999 -9999 -9999 -9999 -9999 -9999 -9999 -9999 -9999 -9999 -9999 -9999 -9999 -9999 -9999 -9999 -9999
542 533 525 517 510 504 499 493 488 482 477 471 467 464 461 459 456 452 447 442 436 428 418 405 405 405 405 404 404 404 404 403 404 405 406 409 414 420 428 435 441 446 450 453 456 459 464 469 474 481 488 -9999 -9999 -9999 -9999 -9999 -9999 -9999 -9999 -9999 -9999 -9999 -9999 -9999 -9999 -9999 -9999 -9999 -9999 -9999 -9999 -9999 -9999 -9999 -9999 -9999 -9999
548 539 531 524 517 512 506 501 496 491 486 481 477 474 472 470 468 465 460 455 449 442 433 424 418 414 411 409 407 406 403 403 403 403 405 408 416 424 434 443 450 455 459 461 463 466 470 476 482 490 498 505 -9999 -9999 -9999 -9999 -9999 515 511 507 502 499 498 496 -9999 -9999 -9999 -9999 -9999 -9999 -9999 -9999 -9999 -9999 -9999 -9999 -9999
554 546 538 531 525 520 515 510 505 500 496 492 489 486 485 483 481 478 474 469 462 455 446 437 429 422 417 413 410 408 406 405 403 403 403 403 417 429 441 451 460 466 469 471 473 475 478 484 491 498 505 512 516 -9999 520 519 516 512 507 502 497 494 493 492 491 489 -9999 -9999 -9999 -9999 -9999 -9999 -9999 -9999 -9999 -9999 -9999
561 553 545 539 533 528 524 520 515 511 507 504 502 500 499 497 495 492 488 482 475 467 458 448 437 428 421 416 412 410 408 407 405 404 403 403 418 434 447 459 469 476 479 481 482 483 485 490 497 503 509 512 515 515 514 511 508 504 498 493 488 485 484 485 485 485 482 -9999 -9999 -9999 -9999 -9999 -9999 -9999 -9999 -9999 -9999
568 560 554 547 542 538 534 530 527 523 520 518 516 514 513 512 509 506 501 494 486 477 467 455 443 433 424 417 413 411 410 408 406 405 403 402 420 437 452 466 476 484 488 490 490 490 491 494 499 503 506 508 507 506 503 500 496 491 486 481 477 474 474 475 476 477 475 471 464 -9999 -9999 -9999 -9999 -9999 -9999 -9999 -9999
576 569 562 557 552 548 545 542 539 536 534 533 531 530 528 526 523 519 512 504 495 484 473 460 447 435 425 418 412 411 411 409 407 405 403 402 420 438 455 469 481 489 494 495 495 494 493 495 497 499 499 498 496 492 489 485 481 477 472 468 465 462 462 463 465 466 465 463 457 448 438 428 418 409 403 398 -9999
