data/PosinaDailyOneYear/7/sky_7_rid.asc
ncols        18
nrows        18
xllcorner    1680060.000000000000
yllcorner    5075120.000000000000
cellsize     20.000000000000
NODATA_value  -9999
 0.81985700130462646484 0.82014065980911254883 0.83180022239685058594 0.83582913875579833984 0.82090711593627929688 0.83625340461730957031 0.82488715648651123047 0.82543331384658813477 0.82405465841293334961 0.82140123844146728516 0.83454948663711547852 0.84253239631652832031 0.84540319442749023438 0.84628546237945556641 0.84854692220687866211 0.84875816106796264648 0.84807097911834716797 0.8468773961067199707
 0.81829440593719482422 0.81960165500640869141 0.83327561616897583008 0.84022474288940429688 0.83306896686553955078 0.84598410129547119141 0.83913969993591308594 0.8380406498908996582 0.84226053953170776367 0.83611148595809936523 0.83572232723236083984 0.84106296300888061523 0.84308344125747680664 0.84586453437805175781 0.84687381982803344727 0.84659647941589355469 0.84633916616439819336 0.84420317411422729492
 0.80996423959732055664 0.82021433115005493164 0.83177345991134643555 0.8441740870475769043 0.84437489509582519531 0.85011821985244750977 0.84668272733688354492 0.84210997819900512695 0.84232813119888305664 0.83003693819046020508 0.8338902592658996582 0.83620697259902954102 0.83924347162246704102 0.83939492702484130859 0.84152340888977050781 0.84285384416580200195 0.84476357698440551758 0.84267336130142211914
 0.81418812274932861328 0.82181763648986816406 0.84616273641586303711 0.85714834928512573242 0.85202163457870483398 0.8491846919059753418 0.84105330705642700195 0.83098047971725463867 0.82974374294281005859 0.81475043296813964844 0.8153044581413269043 0.81775569915771484375 0.82365345954895019531 0.82968640327453613281 0.83321881294250488281 0.83820742368698120117 0.84115391969680786133 0.84068322181701660156
 0.82689458131790161133 0.83797121047973632812 0.86088758707046508789 0.86418354511260986328 0.85823744535446166992 0.85137385129928588867 0.84242087602615356445 0.83227998018264770508 0.82672035694122314453 0.81753480434417724609 0.81782454252243041992 0.81725078821182250977 0.823009490966796875 0.82544076442718505859 0.82141101360321044922 0.83228820562362670898 0.8308913111686706543 0.83671683073043823242
 0.83068650960922241211 0.84346908330917358398 0.86029684543609619141 0.85661160945892333984 0.84729212522506713867 0.83439117670059204102 0.82841628789901733398 0.81863176822662353516 0.81012326478958129883 0.80418252944946289062 0.80295670032501220703 0.80830514430999755859 0.81213331222534179688 0.82128947973251342773 0.82606363296508789062 0.8315143585205078125 0.83435541391372680664 0.83697617053985595703
 0.83932030200958251953 0.84505105018615722656 0.8434721827507019043 0.84091329574584960938 0.82735615968704223633 0.8153641819953918457 0.80535668134689331055 0.79558145999908447266 0.79183489084243774414 0.78819853067398071289 0.78771269321441650391 0.79237258434295654297 0.80238133668899536133 0.8137060999870300293 0.82450056076049804688 0.83161121606826782227 0.83633393049240112305 0.83644956350326538086
 0.83563750982284545898 0.83515977859497070312 0.82689881324768066406 0.81891673803329467773 0.81266832351684570312 0.80815219879150390625 0.80229723453521728516 0.79542219638824462891 0.79667115211486816406 0.79457086324691772461 0.79065853357315063477 0.79029566049575805664 0.80016821622848510742 0.81539499759674072266 0.82414746284484863281 0.83282411098480224609 0.83403104543685913086 0.83766579627990722656
 0.81768810749053955078 0.80778050422668457031 0.79497331380844116211 0.78947365283966064453 0.78852277994155883789 0.78723317384719848633 0.78683137893676757812 0.78187763690948486328 0.78532862663269042969 0.78327292203903198242 0.77410465478897094727 0.75388514995574951172 0.77750325202941894531 0.80786085128784179688 0.82406038045883178711 0.83016085624694824219 0.83454573154449462891 0.83625942468643188477
 0.80725896358489990234 0.79087930917739868164 0.77518820762634277344 0.77328240871429443359 0.77638834714889526367 0.77549374103546142578 0.77457422018051147461 0.77685582637786865234 0.77882748842239379883 0.77919656038284301758 0.77687841653823852539 0.76220995187759399414 0.78600811958312988281 0.80490601062774658203 0.81782704591751098633 0.83074647188186645508 0.83746182918548583984 0.83594179153442382812
 0.79107868671417236328 0.77940613031387329102 0.76432108879089355469 0.76812797784805297852 0.76893818378448486328 0.77714997529983520508 0.77796453237533569336 0.77979242801666259766 0.7835667729377746582 0.77980154752731323242 0.77737325429916381836 0.75438737869262695312 0.77065837383270263672 0.79499703645706176758 0.8128191828727722168 0.83182090520858764648 0.83552259206771850586 0.83614122867584228516
 0.77820318937301635742 0.76612967252731323242 0.75622969865798950195 0.76284337043762207031 0.76713293790817260742 0.76963955163955688477 0.77353996038436889648 0.77646070718765258789 0.77835559844970703125 0.77691543102264404297 0.76620298624038696289 0.7366898655891418457 0.74227392673492431641 0.78215163946151733398 0.81060314178466796875 0.82773745059967041016 0.83526384830474853516 0.83550077676773071289
 0.76985901594161987305 0.7623640894889831543 0.75414526462554931641 0.75839471817016601562 0.76474690437316894531 0.76836240291595458984 0.76957982778549194336 0.7734082341194152832 0.77378952503204345703 0.76603323221206665039 0.71469396352767944336 0.70211058855056762695 0.73154306411743164062 0.78042608499526977539 0.80906963348388671875 0.83267205953598022461 0.8395226597785949707 0.83684784173965454102
 0.76554918289184570312 0.76062387228012084961 0.75625264644622802734 0.75481200218200683594 0.75973898172378540039 0.76329857110977172852 0.77055245637893676758 0.77159035205841064453 0.77139610052108764648 0.75566679239273071289 0.71790623664855957031 0.72081774473190307617 0.73009181022644042969 0.76919424533843994141 0.81085944175720214844 0.83870333433151245117 0.84827721118927001953 0.83653682470321655273
 0.75320947170257568359 0.75293886661529541016 0.74842000007629394531 0.74985128641128540039 0.7542934417724609375 0.75788605213165283203 0.75820958614349365234 0.76204574108123779297 0.75937700271606445312 0.73786151409149169922 0.65100079774856567383 0.69277846813201904297 0.71839910745620727539 0.76878941059112548828 0.82248908281326293945 0.84723335504531860352 0.84727799892425537109 0.82790362834930419922
 0.75614607334136962891 0.75421613454818725586 0.75915628671646118164 0.76157552003860473633 0.76347482204437255859 0.76234465837478637695 0.76417863368988037109 0.76355773210525512695 0.75887733697891235352 0.73928338289260864258 0.66525852680206298828 0.69943964481353759766 0.72995340824127197266 0.78106653690338134766 0.83100461959838867188 0.84710133075714111328 0.84813612699508666992 0.82400363683700561523
 0.75502043962478637695 0.76896345615386962891 0.76628082990646362305 0.76713353395462036133 0.76583349704742431641 0.76574981212615966797 0.75913369655609130859 0.75543379783630371094 0.74063098430633544922 0.72696727514266967773 0.66784942150115966797 0.69451123476028442383 0.72840118408203125 0.78860229253768920898 0.83623671531677246094 0.84570521116256713867 0.83879250288009643555 0.80910992622375488281
 0.75480049848556518555 0.75921767950057983398 0.76073753833770751953 0.76272213459014892578 0.74397462606430053711 0.72958636283874511719 0.7269547581672668457 0.71276319026947021484 0.69316375255584716797 0.6109040379524230957 0.63029503822326660156 0.68615442514419555664 0.72952032089233398438 0.79477351903915405273 0.83586281538009643555 0.84396970272064208984 0.82815837860107421875 0.7836551666259765625
