data/PosinaDailyOneYear/23/dem_23.asc
ncols        675
nrows        650
xllcorner    1669000.000000000000
yllcorner    5070800.000000000000
cellsize     20.000000000000
NODATA_value  -9999
[rows 280 to 314 of 650, columns 234 to 311 of 675]
1002 972 949 933 951 973 993 1010 1027 1045 1063 1079 1089 1091 1084 1074 1065 1063 1071 1088 1111 1134 1155 1172 1183 1188 1189 1186 1182 1179 1175 -9999 -9999 -9999 -9999 -9999 -9999 -9999 -9999 -9999 -9999 -9999 -9999 -9999 -9999 -9999 -9999 -9999 -9999 -9999 -9999 -9999 -9999 -9999 -9999 -9999 -9999 -9999 -9999 -9999 -9999 -9999 -9999 -9999 -9999 -9999 -9999 -9999 -9999 -9999 -9999 -9999 -9999 -9999 -9999 -9999 -9999 -9999
1014 981 954 926 926 947 968 987 1006 1024 1043 1061 1073 1077 1073 1064 1055 1053 1063 1082 1105 1129 1150 1166 1177 1182 1181 1177 1172 1169 1166 1164 1161 -9999 -9999 -9999 -9999 -9999 -9999 -9999 -9999 -9999 -9999 -9999 -9999 -9999 -9999 -9999 -9999 -9999 -9999 -9999 -9999 -9999 -9999 -9999 -9999 -9999 -9999 -9999 -9999 -9999 -9999 -9999 -9999 -9999 -9999 -9999 -9999 -9999 -9999 -9999 -9999 -9999 -9999 -9999 -9999 -9999
1026 992 964 940 919 919 941 963 983 1002 1022 1040 1054 1061 1059 1051 1044 1043 1054 1073 1097 1120 1141 1157 1168 1173 1171 1166 1160 1157 1154 1154 1154 1157 1159 -9999 -9999 -9999 -9999 -9999 -9999 -9999 -9999 -9999 -9999 -9999 -9999 -9999 -9999 -9999 -9999 -9999 -9999 -9999 -9999 -9999 -9999 -9999 -9999 -9999 -9999 -9999 -9999 -9999 -9999 -9999 -9999 -9999 -9999 -9999 -9999 -9999 -9999 -9999 -9999 -9999 -9999 -9999
1041 1007 978 953 932 911 911 939 960 980 1000 1018 1032 1040 1041 1036 1031 1032 1043 1063 1086 1108 1128 1144 1155 1160 1158 1153 1147 1142 1140 1142 1146 1151 1157 -9999 -9999 -9999 -9999 -9999 -9999 -9999 -9999 -9999 -9999 -9999 -9999 -9999 -9999 -9999 -9999 -9999 -9999 -9999 -9999 -9999 -9999 -9999 -9999 -9999 -9999 -9999 -9999 -9999 -9999 -9999 -9999 -9999 -9999 -9999 -9999 -9999 -9999 -9999 -9999 -9999 -9999 -9999
1057 1024 995 969 945 923 904 920 940 960 978 995 1009 1017 1020 1018 1016 1019 1031 1050 1072 1093 1112 1127 1138 1143 1142 1137 1130 1125 1124 1129 1137 1146 1154 1157 -9999 -9999 -9999 -9999 -9999 -9999 -9999 -9999 -9999 -9999 -9999 -9999 -9999 -9999 -9999 -9999 -9999 -9999 -9999 -9999 -9999 -9999 -9999 -9999 -9999 -9999 -9999 -9999 -9999 -9999 -9999 -9999 -9999 -9999 -9999 -9999 -9999 -9999 -9999 -9999 -9999 -9999
1072 1042 1013 985 959 931 897 897 920 940 958 973 985 994 998 998 1000 1005 1018 1037 1057 1077 1094 1108 1119 1124 1123 1118 1111 1105 1103 1114 1128 1141 1151 1156 -9999 -9999 -9999 -9999 -9999 -9999 -9999 -9999 -9999 -9999 -9999 -9999 -9999 -9999 -9999 -9999 -9999 -9999 -9999 -9999 -9999 -9999 -9999 -9999 -9999 -9999 -9999 -9999 -9999 -9999 -9999 -9999 -9999 -9999 -9999 -9999 -9999 -9999 -9999 -9999 -9999 -9999
1082 1057 1029 1002 973 944 913 890 904 921 938 952 963 971 976 979 984 993 1007 1025 1043 1060 1075 1088 1098 1102 1101 1096 1087 1078 1070 1097 1119 1137 1149 1155 -9999 -9999 -9999 -9999 -9999 -9999 -9999 -9999 -9999 -9999 -9999 -9999 -9999 -9999 -9999 -9999 -9999 -9999 -9999 -9999 -9999 -9999 -9999 -9999 -9999 -9999 -9999 -9999 -9999 -9999 -9999 -9999 -9999 -9999 -9999 -9999 -9999 -9999 -9999 -9999 -9999 -9999
1084 1064 1040 1014 985 954 921 882 882 903 919 932 942 950 956 962 971 983 998 1015 1031 1045 1058 1069 1077 1080 1078 1072 1062 1049 1049 1085 1111 1132 1146 1152 -9999 -9999 -9999 -9999 -9999 -9999 -9999 -9999 -9999 -9999 -9999 -9999 -9999 -9999 -9999 -9999 -9999 -9999 -9999 -9999 -9999 -9999 -9999 -9999 -9999 -9999 -9999 -9999 -9999 -9999 -9999 -9999 -9999 -9999 -9999 -9999 -9999 -9999 -9999 -9999 -9999 -9999
1079 1064 1044 1020 992 962 931 899 875 888 901 913 923 931 939 948 961 975 991 1006 1019 1031 1041 1049 1055 1058 1055 1048 1037 1029 1050 1079 1105 1126 1140 1148 -9999 -9999 -9999 -9999 -9999 -9999 -9999 -9999 -9999 -9999 -9999 -9999 -9999 -9999 -9999 -9999 -9999 -9999 -9999 -9999 -9999 -9999 -9999 -9999 -9999 -9999 -9999 -9999 -9999 -9999 -9999 -9999 -9999 -9999 -9999 -9999 -9999 -9999 -9999 -9999 -9999 -9999
1068 1056 1039 1019 994 966 937 906 871 871 883 895 905 914 924 936 951 967 983 996 1006 1015 1022 1029 1033 1035 1032 1023 1008 1008 1043 1073 1098 1118 1133 1141 -9999 -9999 -9999 -9999 -9999 -9999 -9999 -9999 -9999 -9999 -9999 -9999 -9999 -9999 -9999 -9999 -9999 -9999 -9999 -9999 -9999 -9999 -9999 -9999 -9999 -9999 -9999 -9999 -9999 -9999 -9999 -9999 -9999 -9999 -9999 -9999 -9999 -9999 -9999 -9999 -9999 -9999
1053 1042 1029 1011 989 965 940 913 887 866 866 878 888 898 910 924 941 957 972 982 990 996 1001 1006 1010 1012 1010 1002 988 1010 1039 1066 1089 1109 1123 1132 1134 -9999 -9999 -9999 -9999 -9999 -9999 -9999 -9999 -9999 -9999 -9999 -9999 -9999 -9999 -9999 -9999 -9999 -9999 -9999 -9999 -9999 -9999 -9999 -9999 -9999 -9999 -9999 -9999 -9999 -9999 -9999 -9999 -9999 -9999 -9999 -9999 -9999 -9999 -9999 -9999 -9999
1035 1025 1013 998 980 960 938 916 895 876 862 862 872 883 895 911 928 944 957 966 971 975 979 983 987 989 989 984 976 1003 1031 1057 1079 1098 1112 1121 1125 -9999 -9999 -9999 -9999 -9999 -9999 -9999 -9999 -9999 -9999 -9999 -9999 -9999 -9999 -9999 -9999 -9999 -9999 -9999 -9999 -9999 -9999 -9999 -9999 -9999 -9999 -9999 -9999 -9999 -9999 -9999 -9999 -9999 -9999 -9999 -9999 -9999 -9999 -9999 -9999 -9999
1017 1006 995 982 967 950 932 914 896 880 867 857 857 866 879 895 912 927 939 947 951 955 958 962 966 969 970 968 964 994 1021 1046 1067 1086 1100 1109 1114 1112 -9999 -9999 -9999 -9999 -9999 -9999 -9999 -9999 -9999 -9999 -9999 -9999 -9999 -9999 -9999 -9999 -9999 -9999 -9999 -9999 -9999 -9999 -9999 -9999 -9999 -9999 -9999 -9999 -9999 -9999 -9999 -9999 -9999 -9999 -9999 -9999 -9999 -9999 -9999 -9999
999 987 976 964 950 936 921 906 891 879 868 860 856 846 861 876 891 906 918 926 931 935 938 943 947 951 953 952 952 984 1010 1033 1055 1073 1087 1097 1101 1101 -9999 -9999 -9999 -9999 -9999 -9999 -9999 -9999 -9999 -9999 -9999 -9999 -9999 -9999 -9999 -9999 -9999 -9999 -9999 -9999 -9999 -9999 -9999 -9999 -9999 -9999 -9999 -9999 -9999 -9999 -9999 -9999 -9999 -9999 -9999 -9999 -9999 -9999 -9999 -9999
984 969 957 945 931 919 907 895 880 873 867 860 852 846 840 854 866 882 895 904 911 916 920 925 931 936 940 940 955 978 1000 1022 1042 1059 1073 1083 1088 1090 -9999 -9999 -9999 -9999 -9999 -9999 -9999 -9999 -9999 -9999 -9999 -9999 -9999 -9999 -9999 -9999 -9999 -9999 -9999 -9999 -9999 -9999 -9999 -9999 -9999 -9999 -9999 -9999 -9999 -9999 -9999 -9999 -9999 -9999 -9999 -9999 -9999 -9999 -9999 -9999
967 951 939 927 908 900 892 886 880 881 876 869 861 852 840 833 833 854 871 882 891 897 903 909 915 921 929 929 950 970 990 1010 1029 1046 1059 1068 1074 1077 1078 -9999 -9999 -9999 -9999 -9999 -9999 -9999 -9999 -9999 -9999 -9999 -9999 -9999 -9999 -9999 -9999 -9999 -9999 -9999 -9999 -9999 -9999 -9999 -9999 -9999 -9999 -9999 -9999 -9999 -9999 -9999 -9999 -9999 -9999 -9999 -9999 -9999 -9999 -9999
949 929 922 916 908 913 911 905 899 894 887 879 870 861 850 840 828 828 849 862 871 879 886 892 898 903 903 923 944 963 980 998 1015 1031 1044 1053 1060 1065 1068 1068 -9999 -9999 -9999 -9999 -9999 -9999 -9999 -9999 -9999 -9999 -9999 -9999 -9999 -9999 -9999 -9999 -9999 -9999 -9999 -9999 -9999 -9999 -9999 -9999 -9999 -9999 -9999 -9999 -9999 -9999 -9999 -9999 -9999 -9999 -9999 -9999 -9999 -9999
935 929 939 940 937 935 930 923 916 908 899 889 880 870 859 847 834 824 833 844 854 863 870 876 879 878 897 918 938 955 970 986 1002 1016 1028 1038 1046 1053 1058 1061 -9999 -9999 -9999 -9999 -9999 -9999 -9999 -9999 -9999 -9999 -9999 -9999 -9999 -9999 -9999 -9999 -9999 -9999 -9999 -9999 -9999 -9999 -9999 -9999 -9999 -9999 -9999 -9999 -9999 -9999 -9999 -9999 -9999 -9999 -9999 -9999 -9999 -9999
957 961 966 966 962 955 947 938 929 920 909 899 888 877 866 853 837 816 816 826 837 847 855 861 863 863 889 911 930 946 960 974 988 1001 1013 1023 1032 1041 1048 1052 1052 -9999 -9999 -9999 -9999 -9999 -9999 -9999 -9999 -9999 -9999 -9999 -9999 -9999 -9999 -9999 -9999 -9999 -9999 -9999 -9999 -9999 -9999 -9999 -9999 -9999 -9999 -9999 -9999 -9999 -9999 -9999 -9999 -9999 -9999 -9999 -9999 -9999
986 989 992 990 982 972 961 951 940 930 919 907 896 885 872 859 843 825 808 808 819 831 841 847 849 863 883 903 921 936 949 961 973 985 996 1008 1018 1029 1037 1042 1043 1039 -9999 -9999 -9999 -9999 -9999 -9999 -9999 -9999 -9999 -9999 -9999 -9999 -9999 -9999 -9999 -9999 -9999 -9999 -9999 -9999 -9999 -9999 -9999 -9999 -9999 -9999 -9999 -9999 -9999 -9999 -9999 -9999 -9999 -9999 -9999 -9999
1014 1016 1016 1012 1001 988 974 961 949 938 926 915 903 891 878 864 849 833 816 800 800 815 826 835 835 855 875 894 911 926 938 949 959 969 980 992 1004 1015 1023 1028 1029 1028 1024 -9999 -9999 -9999 -9999 -9999 -9999 -9999 -9999 -9999 -9999 -9999 -9999 -9999 -9999 -9999 -9999 -9999 -9999 -9999 -9999 -9999 -9999 -9999 -9999 -9999 -9999 -9999 -9999 -9999 -9999 -9999 -9999 -9999 -9999 -9999
1040 1041 1040 1033 1020 1003 986 971 957 945 933 921 909 897 884 870 855 839 823 806 792 802 814 820 831 847 865 883 900 914 926 936 945 954 963 975 988 999 1007 1012 1014 1014 1014 1011 -9999 -9999 -9999 -9999 -9999 -9999 -9999 -9999 -9999 -9999 -9999 -9999 -9999 -9999 -9999 -9999 -9999 -9999 -9999 -9999 -9999 -9999 -9999 -9999 -9999 -9999 -9999 -9999 -9999 -9999 -9999 -9999 -9999 -9999
1064 1064 1062 1053 1038 1019 999 981 965 952 939 926 914 902 889 875 861 845 828 810 788 788 805 805 820 837 854 871 887 901 912 921 929 937 946 956 969 981 990 994 997 1000 1003 1004 -9999 -9999 -9999 -9999 -9999 -9999 -9999 -9999 -9999 -9999 -9999 -9999 -9999 -9999 -9999 -9999 -9999 -9999 -9999 -9999 -9999 -9999 -9999 -9999 -9999 -9999 -9999 -9999 -9999 -9999 -9999 -9999 -9999 -9999
1083 1084 1082 1073 1057 1036 1013 992 974 959 945 932 919 907 894 880 866 850 834 817 799 784 784 794 809 824 840 857 872 886 896 905 913 920 927 937 949 961 970 976 981 986 993 997 -9999 -9999 -9999 -9999 -9999 -9999 -9999 -9999 -9999 -9999 -9999 -9999 -9999 -9999 -9999 -9999 -9999 -9999 -9999 -9999 -9999 -9999 -9999 -9999 -9999 -9999 -9999 -9999 -9999 -9999 -9999 -9999 -9999 -9999
1099 1101 1100 1092 1076 1054 1030 1006 985 967 952 938 925 912 899 885 870 855 840 824 808 793 780 780 794 810 825 841 855 868 879 887 895 901 908 917 928 940 950 958 965 974 983 989 -9999 -9999 -9999 -9999 -9999 -9999 -9999 -9999 -9999 -9999 -9999 -9999 -9999 -9999 -9999 -9999 -9999 -9999 -9999 -9999 -9999 -9999 -9999 -9999 -9999 -9999 -9999 -9999 -9999 -9999 -9999 -9999 -9999 -9999
1112 1116 1116 1109 1095 1073 1048 1022 998 978 961 946 932 918 903 889 874 859 844 829 814 800 787 776 776 794 809 823 836 849 859 868 876 883 890 898 908 920 930 940 949 961 973 981 984 -9999 -9999 -9999 -9999 -9999 -9999 -9999 -9999 -9999 -9999 -9999 -9999 -9999 -9999 -9999 -9999 -9999 -9999 -9999 -9999 -9999 -9999 -9999 -9999 -9999 -9999 -9999 -9999 -9999 -9999 -9999 -9999 -9999
1123 1129 1130 1126 1113 1092 1067 1040 1015 992 973 956 940 924 909 893 877 863 848 834 820 806 793 781 771 781 793 805 818 829 839 849 857 864 872 881 891 902 913 923 935 948 962 972 975 -9999 -9999 -9999 -9999 -9999 -9999 -9999 -9999 -9999 -9999 -9999 -9999 -9999 -9999 -9999 -9999 -9999 -9999 -9999 -9999 -9999 -9999 -9999 -9999 -9999 -9999 -9999 -9999 -9999 -9999 -9999 -9999 -9999
1132 1140 1143 1140 1129 1111 1087 1060 1034 1010 988 969 951 934 916 898 882 867 853 839 825 811 797 783 767 767 778 789 800 811 821 831 840 848 857 866 876 887 898 909 922 936 949 960 965 -9999 -9999 -9999 -9999 -9999 -9999 -9999 -9999 -9999 -9999 -9999 -9999 -9999 -9999 -9999 -9999 -9999 -9999 -9999 -9999 -9999 -9999 -9999 -9999 -9999 -9999 -9999 -9999 -9999 -9999 -9999 -9999 -9999
1140 1149 1154 1153 1144 1129 1107 1082 1055 1030 1006 985 965 946 926 907 889 873 859 845 832 818 803 789 775 763 763 774 785 796 806 816 826 835 844 854 864 874 886 898 911 925 938 949 954 -9999 -9999 -9999 -9999 -9999 -9999 -9999 -9999 -9999 -9999 -9999 -9999 -9999 -9999 -9999 -9999 -9999 -9999 -9999 -9999 -9999 -9999 -9999 -9999 -9999 -9999 -9999 -9999 -9999 -9999 -9999 -9999 -9999
1150 1158 1163 1163 1157 1143 1124 1100 1075 1050 1025 1003 982 961 939 918 899 883 868 854 840 825 810 795 781 769 759 759 772 783 793 803 813 824 833 843 854 865 876 889 902 916 929 939 943 -9999 -9999 -9999 -9999 -9999 -9999 -9999 -9999 -9999 -9999 -9999 -9999 -9999 -9999 -9999 -9999 -9999 -9999 -9999 -9999 -9999 -9999 -9999 -9999 -9999 -9999 -9999 -9999 -9999 -9999 -9999 -9999 -9999
1161 1165 1169 1169 1164 1153 1135 1114 1090 1065 1041 1019 997 976 954 933 913 895 879 863 848 832 816 800 786 773 762 755 762 772 782 792 802 813 824 834 845 856 869 882 895 908 920 930 934 -9999 -9999 -9999 -9999 -9999 -9999 -9999 -9999 -9999 -9999 -9999 -9999 -9999 -9999 -9999 -9999 -9999 -9999 -9999 -9999 -9999 -9999 -9999 -9999 -9999 -9999 -9999 -9999 -9999 -9999 -9999 -9999 -9999
1172 1173 1174 1172 1166 1156 1140 1120 1098 1075 1052 1030 1010 989 968 946 926 907 890 873 856 839 822 805 790 776 763 750 750 761 771 781 792 802 813 824 836 848 861 874 888 900 912 920 924 -9999 -9999 -9999 -9999 -9999 -9999 -9999 -9999 -9999 -9999 -9999 -9999 -9999 -9999 -9999 -9999 -9999 -9999 -9999 -9999 -9999 -9999 -9999 -9999 -9999 -9999 -9999 -9999 -9999 -9999 -9999 -9999 -9999
1183 1180 1177 1173 1166 1155 1139 1121 1100 1078 1057 1037 1017 998 977 956 936 917 899 881 864 846 828 811 794 779 765 753 745 751 760 770 781 791 802 813 826 839 853 866 879 891 901 909 912 -9999 -9999 -9999 -9999 -9999 -9999 -9999 -9999 -9999 -9999 -9999 -9999 -9999 -9999 -9999 -9999 -9999 -9999 -9999 -9999 -9999 -9999 -9999 -9999 -9999 -9999 -9999 -9999 -9999 -9999 -9999 -9999 -9999
1195 1188 1182 1174 1165 1153 1137 1119 1099 1079 1059 1040 1021 1002 983 963 944 925 907 889 871 853 835 817 799 783 768 754 739 739 749 760 770 780 790 801 814 828 842 856 868 879 888 895 898 -9999 -9999 -9999 -9999 -9999 -9999 -9999 -9999 -9999 -9999 -9999 -9999 -9999 -9999 -9999 -9999 -9999 -9999 -9999 -9999 -9999 -9999 -9999 -9999 -9999 -9999 -9999 -9999 -9999 -9999 -9999 -9999 -9999
1206 1197 1188 1178 1166 1153 1137 1119 1100 1081 1062 1043 1024 1005 986 967 948 931 914 897 880 862 843 824 806 788 772 758 746 736 736 750 760 769 779 790 802 816 830 843 855 865 874 879 882 881 -9999 -9999 -9999 -9999 -9999 -9999 -9999 -9999 -9999 -9999 -9999 -9999 -9999 -9999 -9999 -9999 -9999 -9999 -9999 -9999 -9999 -9999 -9999 -9999 -9999 -9999 -9999 -9999 -9999 -9999 -9999 -9999
