data/PosinaDailyOneYear/23/dem_23.asc
ncols        675
nrows        650
xllcorner    1669000.000000000000
yllcorner    5070800.000000000000
cellsize     20.000000000000
NODATA_value  -9999
[rows 210 to 244 of 650, columns 156 to 233 of 675]
-9999 -9999 -9999 -9999 -9999 -9999 -9999 -9999 -9999 -9999 -9999 -9999 -9999 -9999 -9999 -9999 -9999 -9999 -9999 1822 1816 1809 1803 1796 1790 1784 1779 1774 1771 1771 1772 1775 1778 1781 1780 1776 1767 1754 1739 1723 1740 1753 1762 1767 1767 -9999 -9999 -9999 -9999 -9999 -9999 -9999 -9999 -9999 -9999 -9999 -9999 -9999 -9999 -9999 -9999 -9999 -9999 -9999 -9999 -9999 -9999 -9999 -9999 -9999 -9999 -9999 -9999 -9999 -9999 -9999 -9999 -9999
-9999 -9999 -9999 -9999 -9999 -9999 -9999 -9999 -9999 -9999 -9999 -9999 -9999 -9999 -9999 -9999 -9999 -9999 1823 1816 1807 1798 1793 1786 1780 1774 1768 1763 1760 1759 1761 1764 1768 1770 1770 1767 1758 1745 1728 1708 1724 1738 1747 1752 1754 1753 -9999 -9999 -9999 -9999 -9999 -9999 -9999 -9999 -9999 -9999 -9999 -9999 -9999 -9999 -9999 -9999 -9999 -9999 -9999 -9999 -9999 -9999 -9999 -9999 -9999 -9999 -9999 -9999 -9999 -9999 -9999 -9999
-9999 -9999 -9999 -9999 -9999 -9999 -9999 -9999 -9999 -9999 -9999 -9999 -9999 -9999 -9999 -9999 -9999 -9999 1819 1810 1798 1784 1784 1774 1768 1762 1757 1752 1748 1747 1748 1752 1756 1759 1759 1756 1748 1734 1715 1692 1707 1721 1730 1736 1739 1740 1737 -9999 -9999 -9999 -9999 -9999 -9999 -9999 -9999 -9999 -9999 -9999 -9999 -9999 -9999 -9999 -9999 -9999 -9999 -9999 -9999 -9999 -9999 -9999 -9999 -9999 -9999 -9999 -9999 -9999 -9999 -9999
-9999 -9999 -9999 -9999 -9999 -9999 -9999 -9999 -9999 -9999 -9999 -9999 -9999 -9999 -9999 -9999 -9999 1825 1816 1804 1790 1774 1756 1757 1754 1750 1744 1739 1735 1734 1735 1738 1742 1745 1746 1743 1735 1722 1702 1676 1691 1703 1712 1718 1722 1725 1725 -9999 -9999 -9999 -9999 -9999 -9999 -9999 -9999 -9999 -9999 -9999 -9999 -9999 -9999 -9999 -9999 -9999 -9999 -9999 -9999 -9999 -9999 -9999 -9999 -9999 -9999 -9999 -9999 -9999 -9999 -9999
-9999 -9999 -9999 -9999 -9999 -9999 -9999 -9999 -9999 -9999 -9999 -9999 -9999 -9999 -9999 -9999 -9999 1825 1813 1799 1783 1766 1742 1742 1741 1737 1731 1726 1722 1721 1721 1724 1727 1730 1730 1728 1721 1708 1689 1665 1676 1687 1695 1701 1706 1710 1712 1711 -9999 -9999 -9999 -9999 -9999 -9999 -9999 -9999 -9999 -9999 -9999 -9999 -9999 -9999 -9999 -9999 -9999 -9999 -9999 -9999 -9999 -9999 -9999 -9999 -9999 -9999 -9999 -9999 -9999 -9999
-9999 -9999 -9999 -9999 -9999 -9999 -9999 -9999 -9999 -9999 -9999 -9999 -9999 -9999 -9999 -9999 1834 1823 1810 1795 1779 1762 1744 1729 1729 1724 1718 1713 1709 1707 1708 1710 1712 1714 1714 1711 1704 1693 1676 1654 1662 1671 1678 1685 1690 1695 1698 1699 1696 -9999 -9999 -9999 -9999 -9999 -9999 -9999 -9999 -9999 -9999 -9999 -9999 -9999 -9999 -9999 -9999 -9999 -9999 -9999 -9999 -9999 -9999 -9999 -9999 -9999 -9999 -9999 -9999 -9999
-9999 -9999 -9999 -9999 -9999 -9999 -9999 -9999 -9999 -9999 -9999 -9999 -9999 -9999 -9999 -9999 1833 1821 1807 1792 1776 1759 1742 1726 1711 1711 1705 1700 1696 1694 1694 1695 1698 1699 1699 1695 1689 1678 1664 1645 1645 1655 1663 1669 1675 1680 1683 1686 1685 1681 -9999 -9999 -9999 -9999 -9999 -9999 -9999 -9999 -9999 -9999 -9999 -9999 -9999 -9999 -9999 -9999 -9999 -9999 -9999 -9999 -9999 -9999 -9999 -9999 -9999 -9999 -9999 -9999
-9999 -9999 -9999 -9999 -9999 -9999 -9999 -9999 -9999 -9999 -9999 -9999 -9999 -9999 -9999 1839 1830 1818 1803 1788 1772 1756 1740 1724 1708 1693 1693 1687 1683 1681 1681 1682 1684 1685 1685 1682 1676 1666 1654 1642 1636 1641 1648 1654 1660 1665 1669 1671 1673 1671 1667 -9999 -9999 -9999 -9999 -9999 -9999 -9999 -9999 -9999 -9999 -9999 -9999 -9999 -9999 -9999 -9999 -9999 -9999 -9999 -9999 -9999 -9999 -9999 -9999 -9999 -9999 -9999
-9999 -9999 -9999 -9999 -9999 -9999 -9999 -9999 -9999 -9999 -9999 -9999 -9999 -9999 -9999 1836 1826 1814 1799 1784 1769 1753 1737 1721 1704 1688 1672 1672 1668 1667 1667 1668 1671 1673 1673 1670 1664 1656 1645 1631 1613 1625 1633 1640 1645 1650 1653 1657 1659 1660 1658 1651 -9999 -9999 -9999 -9999 -9999 -9999 -9999 -9999 -9999 -9999 -9999 -9999 -9999 -9999 -9999 -9999 -9999 -9999 -9999 -9999 -9999 -9999 -9999 -9999 -9999 -9999
-9999 -9999 -9999 -9999 -9999 -9999 -9999 -9999 -9999 -9999 -9999 -9999 -9999 -9999 1837 1830 1820 1808 1794 1779 1764 1749 1733 1717 1701 1684 1667 1651 1652 1652 1653 1655 1658 1661 1661 1659 1654 1646 1635 1621 1605 1612 1619 1625 1631 1635 1638 1642 1645 1647 1647 1642 1634 1623 -9999 -9999 -9999 -9999 -9999 -9999 -9999 -9999 -9999 -9999 -9999 -9999 -9999 -9999 -9999 -9999 -9999 -9999 -9999 -9999 -9999 -9999 -9999 -9999
-9999 -9999 -9999 -9999 -9999 -9999 -9999 -9999 -9999 -9999 -9999 -9999 -9999 -9999 1831 1823 1812 1800 1786 1772 1757 1743 1727 1712 1696 1679 1660 1635 1635 1636 1637 1640 1644 1648 1649 1647 1642 1635 1625 1611 1596 1600 1605 1610 1615 1619 1623 1627 1631 1634 1635 1632 1625 1616 1606 -9999 -9999 -9999 -9999 -9999 -9999 -9999 -9999 -9999 -9999 -9999 -9999 -9999 -9999 -9999 -9999 -9999 -9999 -9999 -9999 -9999 -9999 -9999
-9999 -9999 -9999 -9999 -9999 -9999 -9999 -9999 -9999 -9999 -9999 -9999 -9999 1829 1823 1814 1803 1790 1776 1762 1748 1734 1720 1705 1690 1674 1656 1636 1617 1619 1621 1623 1628 1633 1635 1633 1629 1622 1612 1598 1583 1585 1589 1594 1599 1603 1607 1612 1617 1620 1621 1619 1613 1606 1598 1589 -9999 -9999 -9999 -9999 -9999 -9999 -9999 -9999 -9999 -9999 -9999 -9999 -9999 -9999 -9999 -9999 -9999 -9999 -9999 -9999 -9999 -9999
-9999 -9999 -9999 -9999 -9999 -9999 -9999 -9999 -9999 -9999 -9999 -9999 -9999 1822 1814 1803 1791 1778 1765 1751 1737 1724 1710 1697 1682 1668 1651 1634 1617 1603 1604 1601 1609 1615 1618 1618 1613 1606 1597 1585 1569 1569 1573 1578 1582 1586 1591 1597 1602 1606 1607 1604 1600 1593 1587 1581 1574 -9999 -9999 -9999 -9999 -9999 -9999 -9999 -9999 -9999 -9999 -9999 -9999 -9999 -9999 -9999 -9999 -9999 -9999 -9999 -9999 -9999
-9999 -9999 -9999 -9999 -9999 -9999 -9999 -9999 -9999 -9999 -9999 -9999 1823 1815 1804 1792 1779 1765 1752 1739 1726 1713 1700 1687 1674 1660 1645 1630 1615 1603 1589 1570 1588 1596 1600 1600 1596 1590 1582 1572 1562 1556 1557 1561 1566 1570 1576 1582 1587 1590 1591 1589 1585 1580 1575 1570 1566 1561 -9999 -9999 -9999 -9999 -9999 -9999 -9999 -9999 -9999 -9999 -9999 -9999 -9999 -9999 -9999 -9999 -9999 -9999 -9999 -9999
-9999 -9999 -9999 -9999 -9999 -9999 -9999 -9999 -9999 -9999 -9999 -9999 1821 1810 1794 1780 1766 1752 1739 1727 1716 1703 1689 1677 1665 1652 1638 1623 1608 1594 1581 1570 1574 1579 1582 1582 1579 1574 1567 1559 1548 1537 1540 1544 1550 1555 1561 1567 1571 1574 1575 1573 1570 1566 1561 1558 1555 1553 1550 -9999 -9999 -9999 -9999 -9999 -9999 -9999 -9999 -9999 -9999 -9999 -9999 -9999 -9999 -9999 -9999 -9999 -9999 -9999
-9999 -9999 -9999 -9999 -9999 -9999 -9999 -9999 -9999 -9999 -9999 -9999 1821 1806 1782 1767 1753 1739 1725 1715 1708 1695 1676 1665 1654 1642 1628 1614 1598 1584 1569 1554 1558 1562 1564 1564 1562 1558 1553 1545 1534 1520 1520 1528 1535 1541 1547 1552 1556 1558 1559 1557 1555 1551 1548 1545 1543 1542 1542 1542 -9999 -9999 -9999 -9999 -9999 -9999 -9999 -9999 -9999 -9999 -9999 -9999 -9999 -9999 -9999 -9999 -9999 -9999
-9999 -9999 -9999 -9999 -9999 -9999 -9999 -9999 -9999 -9999 -9999 -9999 1824 1810 1793 1778 1764 1749 1733 1715 1705 1695 1654 1651 1643 1632 1618 1602 1586 1571 1555 1538 1542 1545 1546 1547 1545 1543 1538 1531 1522 1512 1503 1513 1521 1527 1533 1538 1541 1543 1543 1542 1540 1537 1534 1531 1530 1530 1533 1535 1536 -9999 -9999 -9999 -9999 -9999 -9999 -9999 -9999 -9999 -9999 -9999 -9999 -9999 -9999 -9999 -9999 -9999
-9999 -9999 -9999 -9999 -9999 -9999 -9999 -9999 -9999 -9999 -9999 1837 1827 1815 1801 1787 1773 1758 1741 1724 1708 1688 1654 1643 1633 1622 1607 1591 1571 1559 1542 1525 1525 1528 1529 1529 1529 1527 1524 1517 1508 1501 1496 1501 1507 1513 1519 1523 1527 1528 1529 1528 1527 1524 1521 1518 1516 1518 1522 1527 1532 1533 -9999 -9999 -9999 -9999 -9999 -9999 -9999 -9999 -9999 -9999 -9999 -9999 -9999 -9999 -9999 -9999
-9999 -9999 -9999 -9999 -9999 -9999 -9999 -9999 -9999 -9999 -9999 1839 1829 1817 1804 1791 1777 1763 1747 1730 1713 1696 1675 1660 1646 1630 1612 1593 1571 1551 1530 1522 1511 1511 1512 1513 1513 1512 1509 1501 1490 1486 1488 1488 1493 1498 1504 1509 1513 1514 1515 1514 1513 1511 1507 1504 1502 1503 1508 1517 1526 1531 -9999 -9999 -9999 -9999 -9999 -9999 -9999 -9999 -9999 -9999 -9999 -9999 -9999 -9999 -9999 -9999
-9999 -9999 -9999 -9999 -9999 -9999 -9999 -9999 -9999 -9999 -9999 1839 1829 1817 1804 1791 1778 1764 1749 1734 1719 1704 1688 1672 1656 1637 1617 1597 1576 1555 1536 1518 1494 1494 1495 1497 1497 1497 1494 1484 1463 1463 1469 1481 1478 1482 1489 1495 1499 1501 1501 1500 1499 1497 1493 1489 1486 1486 1491 1505 1518 1527 1530 -9999 -9999 -9999 -9999 -9999 -9999 -9999 -9999 -9999 -9999 -9999 -9999 -9999 -9999 -9999
-9999 -9999 -9999 -9999 -9999 -9999 -9999 -9999 -9999 -9999 1845 1838 1827 1815 1802 1790 1777 1764 1750 1736 1722 1708 1693 1677 1659 1640 1620 1599 1579 1559 1539 1519 1497 1477 1479 1481 1482 1482 1479 1472 1458 1445 1445 1450 1455 1463 1472 1479 1484 1487 1487 1486 1485 1482 1478 1473 1468 1466 1463 1490 1510 1523 1529 -9999 -9999 -9999 -9999 -9999 -9999 -9999 -9999 -9999 -9999 -9999 -9999 -9999 -9999 -9999
-9999 -9999 -9999 -9999 -9999 -9999 -9999 -9999 -9999 -9999 1843 1835 1824 1812 1799 1787 1774 1761 1748 1735 1722 1708 1694 1678 1659 1640 1621 1601 1581 1562 1542 1521 1497 1464 1464 1465 1465 1465 1464 1459 1449 1437 1428 1422 1429 1441 1453 1463 1469 1472 1472 1471 1469 1466 1462 1456 1449 1445 1445 1480 1504 1519 1526 -9999 -9999 -9999 -9999 -9999 -9999 -9999 -9999 -9999 -9999 -9999 -9999 -9999 -9999 -9999
-9999 -9999 -9999 -9999 -9999 -9999 -9999 -9999 -9999 -9999 1841 1832 1821 1808 1795 1783 1770 1757 1744 1731 1718 1705 1691 1675 1657 1639 1620 1602 1583 1564 1544 1524 1502 1476 1451 1451 1446 1445 1444 1441 1434 1421 1400 1398 1398 1418 1434 1446 1453 1457 1457 1456 1453 1450 1444 1436 1426 1426 1451 1479 1501 1516 1524 -9999 -9999 -9999 -9999 -9999 -9999 -9999 -9999 -9999 -9999 -9999 -9999 -9999 -9999 -9999
-9999 -9999 -9999 -9999 -9999 -9999 -9999 -9999 -9999 -9999 1838 1828 1816 1804 1791 1778 1765 1752 1738 1725 1712 1699 1686 1671 1655 1637 1620 1602 1583 1565 1547 1528 1508 1485 1462 1439 1421 1422 1418 1418 1413 1404 1390 1373 1373 1396 1415 1428 1437 1442 1442 1440 1437 1432 1425 1414 1405 1427 1453 1478 1498 1513 1521 -9999 -9999 -9999 -9999 -9999 -9999 -9999 -9999 -9999 -9999 -9999 -9999 -9999 -9999 -9999
-9999 -9999 -9999 -9999 -9999 -9999 -9999 -9999 -9999 -9999 1834 1824 1812 1799 1786 1773 1760 1746 1732 1718 1704 1692 1679 1666 1651 1635 1619 1601 1583 1565 1548 1530 1512 1492 1470 1447 1421 1403 1385 1390 1387 1384 1376 1368 1363 1378 1395 1410 1420 1425 1427 1425 1420 1414 1404 1388 1388 1422 1451 1475 1494 1509 1518 1521 -9999 -9999 -9999 -9999 -9999 -9999 -9999 -9999 -9999 -9999 -9999 -9999 -9999 -9999
-9999 -9999 -9999 -9999 -9999 -9999 -9999 -9999 -9999 -9999 1830 1820 1808 1795 1782 1769 1755 1741 1726 1711 1697 1684 1672 1659 1646 1632 1617 1600 1583 1565 1548 1532 1515 1497 1477 1457 1434 1413 1385 1368 1353 1359 1356 1354 1354 1354 1375 1391 1402 1408 1410 1408 1403 1395 1383 1370 1390 1419 1447 1470 1489 1503 1513 1518 1518 -9999 -9999 -9999 -9999 -9999 -9999 -9999 -9999 -9999 -9999 -9999 -9999 -9999
-9999 -9999 -9999 -9999 -9999 -9999 -9999 -9999 -9999 -9999 -9999 1816 1804 1791 1778 1764 1751 1737 1722 1706 1691 1677 1665 1653 1641 1628 1614 1598 1581 1564 1548 1532 1516 1499 1482 1464 1445 1425 1403 1381 1353 1338 1330 1335 1335 1338 1356 1372 1383 1390 1393 1391 1385 1375 1361 1348 1382 1413 1440 1462 1480 1494 1505 1512 1515 1514 -9999 -9999 -9999 -9999 -9999 -9999 -9999 -9999 -9999 -9999 -9999 -9999
-9999 -9999 -9999 -9999 -9999 -9999 -9999 -9999 -9999 -9999 -9999 1812 1801 1789 1776 1762 1749 1734 1719 1703 1687 1673 1660 1648 1636 1623 1610 1595 1579 1563 1547 1532 1516 1501 1485 1469 1453 1435 1416 1396 1374 1354 1330 1321 1312 1320 1336 1351 1362 1370 1374 1372 1366 1353 1333 1333 1373 1406 1431 1452 1469 1483 1494 1502 1507 1510 1508 -9999 -9999 -9999 -9999 -9999 -9999 -9999 -9999 -9999 -9999 -9999
-9999 -9999 -9999 -9999 -9999 -9999 -9999 -9999 -9999 -9999 -9999 1810 1801 1789 1776 1763 1749 1735 1720 1704 1688 1673 1659 1645 1632 1620 1606 1592 1576 1561 1546 1532 1517 1502 1488 1473 1458 1443 1426 1409 1390 1371 1351 1333 1312 1303 1316 1329 1340 1349 1354 1353 1347 1335 1319 1339 1369 1398 1422 1441 1456 1469 1480 1489 1496 1501 1502 1498 1489 -9999 -9999 -9999 -9999 -9999 -9999 -9999 -9999 -9999
-9999 -9999 -9999 -9999 -9999 -9999 -9999 -9999 -9999 -9999 -9999 -9999 1803 1792 1780 1767 1753 1739 1724 1708 1692 1676 1661 1646 1632 1618 1604 1590 1575 1560 1546 1532 1519 1505 1491 1477 1463 1448 1433 1417 1401 1383 1365 1345 1322 1294 1294 1302 1315 1326 1333 1334 1328 1318 1307 1334 1363 1389 1410 1427 1441 1453 1464 1473 1482 1489 1492 1490 1483 1472 1459 1446 1434 -9999 -9999 -9999 -9999 -9999
-9999 -9999 -9999 -9999 -9999 -9999 -9999 -9999 -9999 -9999 -9999 -9999 1807 1797 1785 1772 1758 1744 1729 1714 1698 1683 1666 1650 1634 1619 1604 1589 1574 1559 1546 1533 1520 1507 1494 1481 1467 1453 1438 1423 1408 1392 1375 1356 1334 1309 1285 1269 1287 1301 1310 1313 1309 1301 1295 1325 1353 1378 1398 1413 1425 1436 1446 1457 1466 1475 1480 1480 1474 1463 1450 1438 1427 1417 1406 -9999 -9999 -9999
-9999 -9999 -9999 -9999 -9999 -9999 -9999 -9999 -9999 -9999 -9999 -9999 1811 1801 1789 1776 1762 1748 1733 1719 1704 1689 1672 1654 1636 1620 1604 1588 1572 1557 1543 1531 1519 1507 1495 1483 1470 1456 1441 1427 1412 1397 1381 1365 1345 1323 1298 1269 1259 1275 1286 1291 1289 1280 1280 1315 1343 1365 1383 1397 1408 1419 1430 1440 1450 1460 1466 1467 1462 1452 1440 1428 1416 1407 1397 1388 1378 -9999
-9999 -9999 -9999 -9999 -9999 -9999 -9999 -9999 -9999 -9999 -9999 -9999 1815 1804 1791 1777 1762 1748 1733 1719 1705 1691 1674 1656 1637 1620 1602 1585 1568 1552 1538 1525 1513 1502 1491 1480 1468 1455 1442 1428 1414 1399 1385 1370 1353 1334 1311 1286 1259 1249 1262 1270 1271 1265 1283 1309 1332 1352 1367 1380 1391 1403 1414 1425 1435 1444 1451 1454 1450 1441 1429 1416 1404 1394 1386 1378 1370 1364
-9999 -9999 -9999 -9999 -9999 -9999 -9999 -9999 -9999 -9999 -9999 -9999 1818 1806 1789 1775 1758 1743 1727 1713 1699 1687 1672 1655 1636 1617 1599 1581 1562 1545 1529 1516 1504 1493 1483 1474 1463 1452 1439 1426 1413 1400 1386 1372 1357 1341 1322 1300 1275 1249 1239 1250 1258 1258 1279 1301 1321 1338 1352 1364 1375 1387 1398 1409 1419 1428 1436 1439 1437 1430 1419 1406 1393 1382 1372 1365 1359 1355
-9999 -9999 -9999 -9999 -9999 -9999 -9999 -9999 -9999 -9999 -9999 -9999 1823 1808 1783 1774 1751 1734 1717 1699 1686 1679 1666 1650 1633 1614 1594 1575 1556 1536 1517 1504 1491 1481 1470 1465 1455 1445 1434 1422 1410 1397 1385 1372 1358 1343 1327 1309 1287 1261 1233 1233 1251 1256 1272 1290 1307 1323 1336 1348 1360 1372 1383 1394 1403 1412 1419 1424 1424 1419 1409 1396 1383 1370 1359 1351 1346 1343
