data/PosinaDailyOneYear/33/dem_33.asc
ncols        675
nrows        650
xllcorner    1669000.000000000000
yllcorner    5070800.000000000000
cellsize     20.000000000000
NODATA_value  -9999
[rows 408 to 441 of 650, columns 462 to 538 of 675]
-9999 -9999 -9999 -9999 -9999 690 680 668 653 637 621 605 589 575 561 548 535 524 513 504 495 486 477 470 463 457 452 448 444 441 438 435 433 431 430 429 428 428 430 431 433 436 441 447 456 466 476 486 496 505 515 525 534 551 565 578 593 607 620 631 637 652 663 671 675 676 -9999 -9999 -9999 -9999 -9999 -9999 -9999 -9999 -9999 -9999 -9999
-9999 -9999 -9999 -9999 704 696 685 671 654 637 620 603 587 571 557 544 531 520 509 500 490 482 473 466 459 454 449 445 442 440 437 435 433 431 430 428 428 430 432 433 436 440 445 453 463 473 484 495 506 517 528 538 548 561 573 586 601 616 630 643 653 665 674 681 684 -9999 -9999 -9999 -9999 -9999 -9999 -9999 -9999 -9999 -9999 -9999 -9999
-9999 -9999 -9999 716 710 700 687 672 655 637 619 601 584 569 554 540 528 516 506 496 487 479 471 463 456 451 447 443 441 439 437 434 432 431 430 429 429 431 433 436 439 444 451 460 471 482 493 504 515 527 539 550 560 571 581 592 608 624 639 654 666 677 685 690 691 -9999 -9999 -9999 -9999 -9999 -9999 -9999 -9999 -9999 -9999 -9999 -9999
-9999 -9999 728 721 712 701 687 671 653 635 617 599 582 566 552 538 525 514 503 494 485 477 469 461 455 449 445 442 440 438 436 434 432 431 430 429 431 433 436 439 443 450 459 469 481 492 503 513 524 536 549 560 571 581 589 592 614 631 647 662 676 687 694 698 -9999 -9999 -9999 -9999 -9999 -9999 -9999 -9999 -9999 -9999 -9999 -9999 -9999
-9999 739 732 723 712 699 684 667 650 632 615 597 580 564 549 536 523 512 502 493 484 476 468 460 453 448 444 441 439 437 436 434 432 431 430 430 432 435 439 443 449 457 468 479 492 503 514 524 534 546 558 570 582 592 601 610 624 639 654 669 683 694 702 705 -9999 -9999 -9999 -9999 -9999 -9999 -9999 -9999 -9999 -9999 -9999 -9999 -9999
751 742 733 722 709 695 679 662 645 628 611 594 577 562 547 534 522 511 501 491 483 474 466 458 451 446 443 440 439 437 436 434 432 430 429 430 434 438 443 449 457 467 478 491 503 515 525 535 545 556 567 580 592 603 614 624 635 647 660 675 689 701 708 711 -9999 -9999 -9999 -9999 -9999 -9999 -9999 -9999 -9999 -9999 -9999 -9999 -9999
753 743 732 719 706 691 674 657 641 624 607 590 574 559 545 533 521 510 500 490 481 473 464 456 450 445 442 440 438 437 435 434 432 429 429 432 436 442 449 457 467 477 490 502 515 527 537 547 556 566 577 589 602 614 625 635 645 656 668 681 695 706 714 -9999 -9999 -9999 -9999 -9999 -9999 -9999 -9999 -9999 -9999 -9999 -9999 -9999 -9999
754 742 730 717 702 687 670 653 636 620 603 587 572 557 543 531 520 509 499 490 480 471 463 455 448 444 441 439 438 437 435 434 432 430 431 434 439 446 455 466 478 490 502 515 527 538 549 559 568 578 588 600 612 624 635 646 656 666 677 689 701 712 720 -9999 -9999 -9999 -9999 -9999 -9999 -9999 -9999 -9999 -9999 -9999 -9999 -9999 -9999
753 741 728 714 699 684 667 650 632 616 599 584 569 554 541 529 518 508 498 488 479 470 461 454 447 443 440 439 438 437 435 434 432 430 433 436 442 451 462 476 490 503 516 528 539 551 561 572 581 590 600 610 622 634 646 657 667 677 687 697 708 718 726 -9999 -9999 -9999 -9999 -9999 -9999 -9999 -9999 -9999 -9999 -9999 -9999 -9999 -9999
751 739 726 712 696 680 663 646 629 612 596 580 566 551 538 526 516 506 496 487 478 469 460 453 447 443 440 439 438 437 436 434 432 431 434 438 444 455 468 484 500 515 528 541 552 563 574 584 594 603 612 621 632 644 656 667 678 688 698 707 717 726 733 -9999 -9999 -9999 -9999 -9999 -9999 -9999 -9999 -9999 -9999 -9999 -9999 -9999 -9999
750 737 724 709 693 677 660 643 625 609 593 577 563 549 536 524 513 503 494 485 476 467 459 452 446 443 440 439 438 437 436 434 433 431 435 439 446 458 473 490 508 524 539 551 563 574 585 596 606 614 623 632 642 653 665 677 689 700 709 718 726 734 740 -9999 -9999 -9999 -9999 -9999 -9999 -9999 -9999 -9999 -9999 -9999 -9999 -9999 -9999
748 736 722 707 691 674 656 639 622 605 590 574 560 546 533 522 511 501 492 483 474 466 458 451 446 442 440 439 438 437 436 435 433 432 435 440 447 459 475 493 512 529 544 557 569 581 593 604 614 623 631 640 649 660 672 685 698 710 720 729 736 742 747 -9999 -9999 -9999 -9999 -9999 -9999 -9999 -9999 -9999 -9999 -9999 -9999 -9999 -9999
746 734 720 705 688 671 654 636 619 603 587 572 557 544 531 520 509 500 490 481 473 465 457 451 446 443 440 439 438 437 436 435 433 432 435 440 448 460 475 494 512 529 544 558 570 582 594 606 617 627 636 644 654 665 678 692 705 718 730 739 746 751 754 -9999 -9999 -9999 -9999 -9999 -9999 -9999 -9999 -9999 -9999 -9999 -9999 -9999 -9999
742 731 718 702 686 669 651 634 617 600 584 569 555 541 529 518 508 498 489 480 471 463 456 450 446 443 440 439 438 437 436 435 434 432 435 440 448 459 474 491 509 526 540 553 566 578 590 603 614 625 635 645 655 668 681 695 709 723 736 746 753 758 760 -9999 -9999 -9999 -9999 -9999 -9999 -9999 -9999 -9999 -9999 -9999 -9999 -9999 -9999
737 726 713 699 683 666 649 632 614 597 581 566 552 539 527 515 505 496 487 478 470 462 455 450 445 442 440 439 438 437 436 435 434 432 435 439 447 457 471 487 503 519 533 545 558 570 582 595 608 619 630 642 654 667 681 695 710 725 738 749 758 763 765 -9999 -9999 -9999 -9999 -9999 -9999 -9999 -9999 -9999 -9999 -9999 -9999 -9999 -9999
729 719 707 693 678 663 646 629 611 594 578 564 550 537 525 513 503 493 485 476 468 461 454 449 445 442 440 439 438 437 436 435 434 433 433 438 445 454 466 480 495 509 522 535 548 560 573 586 599 612 624 637 650 663 678 692 707 722 736 749 759 765 -9999 -9999 -9999 -9999 -9999 -9999 -9999 -9999 -9999 -9999 -9999 -9999 -9999 -9999 -9999
720 710 698 686 672 658 642 625 607 590 575 561 547 535 523 511 500 491 482 474 466 459 453 448 444 441 440 439 438 437 436 435 434 433 433 437 442 451 460 471 484 496 508 525 537 549 564 578 592 606 619 632 645 659 673 688 703 718 732 746 757 765 768 -9999 -9999 -9999 -9999 -9999 -9999 -9999 -9999 -9999 -9999 -9999 -9999 -9999 -9999
709 699 688 676 664 651 636 619 602 586 571 557 544 532 520 509 498 488 479 471 464 458 452 447 443 441 440 439 438 437 436 435 434 433 434 434 436 447 453 459 473 480 487 517 526 535 556 571 586 602 615 629 642 654 667 682 697 713 728 742 754 764 768 -9999 -9999 -9999 -9999 -9999 -9999 -9999 -9999 -9999 -9999 -9999 -9999 -9999 -9999
696 686 676 665 654 641 627 612 596 580 566 553 541 529 518 507 496 486 477 469 462 456 451 446 443 441 439 439 438 437 437 436 435 434 434 436 442 452 461 470 482 492 504 521 532 535 553 567 581 601 612 628 640 651 661 677 693 708 723 738 751 761 768 -9999 -9999 -9999 -9999 -9999 -9999 -9999 -9999 -9999 -9999 -9999 -9999 -9999 -9999
683 673 664 653 642 630 617 603 588 574 561 548 536 525 514 504 493 483 475 467 460 454 449 445 442 440 439 439 438 437 437 436 435 434 434 434 445 457 468 480 491 503 516 531 544 556 571 585 599 613 623 634 643 649 648 673 691 706 721 735 748 759 767 772 -9999 -9999 -9999 -9999 -9999 -9999 -9999 -9999 -9999 -9999 -9999 -9999 -9999
669 660 650 640 629 618 606 593 580 567 554 543 531 521 510 500 490 480 472 464 458 452 448 444 442 440 439 438 438 437 437 436 435 435 434 434 448 462 475 488 500 513 526 541 556 572 588 602 615 625 634 642 649 657 664 678 693 706 720 732 744 757 767 773 -9999 -9999 -9999 -9999 -9999 -9999 -9999 -9999 -9999 -9999 -9999 -9999 -9999
656 646 637 627 616 605 594 582 571 559 548 537 526 516 506 495 485 476 468 461 455 450 446 443 441 440 439 438 438 437 437 436 436 435 435 435 450 466 481 494 508 521 535 550 566 583 600 615 627 636 644 651 658 665 674 685 697 709 721 732 737 757 769 776 -9999 -9999 -9999 -9999 -9999 -9999 -9999 -9999 -9999 -9999 -9999 -9999 -9999
643 634 624 614 603 593 582 572 562 551 541 531 521 511 501 490 481 471 464 457 452 448 444 442 440 439 439 438 438 438 437 437 436 436 435 435 452 469 485 500 513 527 541 556 573 590 607 622 634 644 651 659 666 673 682 692 703 715 727 739 750 764 775 782 785 -9999 -9999 -9999 -9999 -9999 -9999 -9999 -9999 -9999 -9999 -9999 -9999
632 622 612 602 592 581 572 562 553 544 534 524 515 505 495 485 475 467 459 454 449 446 443 441 440 439 439 438 438 438 437 437 436 436 435 435 453 470 487 502 517 531 545 559 576 593 609 624 636 647 656 664 672 680 690 700 711 723 735 748 761 774 784 790 793 -9999 -9999 -9999 -9999 -9999 -9999 -9999 -9999 -9999 -9999 -9999 -9999
621 611 601 591 581 571 562 553 544 535 526 517 508 499 489 480 470 462 456 451 447 444 442 441 440 439 439 438 438 438 437 437 436 436 436 435 452 469 486 502 517 531 545 560 575 591 608 622 636 647 657 666 676 685 696 707 719 731 745 759 773 785 795 801 802 -9999 -9999 -9999 -9999 -9999 -9999 -9999 -9999 -9999 -9999 -9999 -9999
612 602 591 581 571 562 553 544 536 527 518 509 500 491 482 474 465 458 453 449 446 444 442 441 440 439 439 438 438 438 437 437 436 436 435 435 451 467 483 499 514 529 543 557 572 588 604 619 633 645 656 667 678 688 700 712 725 739 754 769 784 797 806 812 813 -9999 -9999 -9999 -9999 -9999 -9999 -9999 -9999 -9999 -9999 -9999 -9999
604 593 583 572 562 553 544 536 527 519 510 501 492 483 475 468 461 455 451 448 445 443 442 441 440 439 439 439 438 438 437 437 437 436 436 437 451 464 479 494 510 524 538 552 567 583 599 615 630 643 655 667 678 690 703 716 730 745 760 776 792 806 816 822 825 -9999 -9999 -9999 -9999 -9999 -9999 -9999 -9999 -9999 -9999 -9999 -9999
597 586 575 565 555 545 536 528 519 511 502 493 484 476 468 462 456 452 449 446 445 443 442 441 440 440 439 439 438 438 437 437 437 436 436 443 451 462 475 489 504 518 533 547 562 578 594 611 627 641 654 667 679 691 704 718 733 749 765 781 797 812 824 832 836 -9999 -9999 -9999 -9999 -9999 -9999 -9999 -9999 -9999 -9999 -9999 -9999
590 579 568 557 547 538 529 520 511 503 494 486 477 469 462 457 453 450 447 446 444 443 442 441 440 440 439 439 438 438 437 437 437 437 441 446 453 462 473 486 499 513 527 542 557 573 590 608 624 639 653 666 678 691 705 719 735 751 767 783 800 816 829 840 847 -9999 -9999 -9999 -9999 -9999 -9999 -9999 -9999 -9999 -9999 -9999 -9999
583 571 560 550 540 531 522 513 504 495 487 479 470 463 457 453 450 448 446 445 443 442 441 441 440 440 439 439 438 438 437 437 439 442 446 451 457 465 474 485 497 510 523 538 553 569 586 604 621 637 651 664 677 690 704 720 735 751 767 784 801 818 833 846 855 -9999 -9999 -9999 -9999 -9999 -9999 -9999 -9999 -9999 -9999 -9999 -9999
575 564 553 542 532 523 515 506 497 488 480 472 464 458 454 450 448 446 445 444 443 442 441 441 440 439 439 438 438 438 439 438 439 446 452 456 463 470 479 489 499 511 523 536 550 566 582 600 617 633 647 661 674 689 704 719 735 751 767 784 801 818 834 849 861 868 -9999 -9999 -9999 -9999 -9999 -9999 -9999 -9999 -9999 -9999 -9999
567 556 545 535 525 516 507 499 490 481 473 466 459 454 450 448 446 445 443 442 442 441 441 440 440 439 439 438 438 442 444 446 447 454 459 464 470 478 487 497 506 516 526 538 550 564 580 596 612 628 642 656 671 686 702 718 735 751 767 783 800 817 834 850 863 873 -9999 -9999 -9999 -9999 -9999 -9999 -9999 -9999 -9999 -9999 -9999
559 548 537 527 518 509 500 492 483 474 467 460 455 451 448 446 444 443 441 441 441 440 440 440 440 440 439 441 443 446 450 455 463 463 467 472 478 487 497 507 516 525 534 543 553 565 579 593 608 622 637 651 667 684 701 718 734 750 766 782 799 815 832 849 863 875 884 -9999 -9999 -9999 -9999 -9999 -9999 -9999 -9999 -9999 -9999
550 540 529 519 510 501 493 485 476 468 461 456 451 448 445 443 443 442 441 442 442 442 442 441 441 441 441 444 448 452 456 461 464 463 476 479 485 494 504 515 525 534 542 550 558 568 580 592 605 619 633 648 664 682 699 717 733 749 764 780 796 812 829 846 861 875 886 895 -9999 -9999 -9999 -9999 -9999 -9999 -9999 -9999 -9999
