data/PosinaDailyOneYear/33/sky_33_rid.asc
ncols        16
nrows        14
xllcorner    1678940.000000000000
yllcorner    5074600.000000000000
cellsize     20.000000000000
NODATA_value  -9999
 0.85533940792083740234 0.8497492671012878418 0.84115850925445556641 0.83682304620742797852 0.83635377883911132812 0.83809882402420043945 0.81527113914489746094 0.78995031118392944336 0.79096049070358276367 0.78207623958587646484 0.8383935093879699707 0.83316034078598022461 0.82946312427520751953 0.82218182086944580078 0.82204508781433105469 0.8194834589958190918
 0.85348600149154663086 0.84307003021240234375 0.83551442623138427734 0.83542138338088989258 0.82841360569000244141 0.83056181669235229492 0.81896662712097167969 0.80784201622009277344 0.79930281639099121094 0.80796593427658081055 0.82767277956008911133 0.80954819917678833008 0.8142445683479309082 0.80296123027801513672 0.80914139747619628906 0.81575036048889160156
 0.860546112060546875 0.85719048976898193359 0.85314214229583740234 0.85289430618286132812 0.84811264276504516602 0.84252816438674926758 0.84064543247222900391 0.83199971914291381836 0.8241665959358215332 0.82314157485961914062 0.82996219396591186523 0.82002496719360351562 0.81692671775817871094 0.75541448593139648438 0.77825784683227539062 0.80211007595062255859
 0.86030215024948120117 0.8595682978630065918 0.85724848508834838867 0.85486215353012084961 0.84924179315567016602 0.85150909423828125 0.85153794288635253906 0.84280109405517578125 0.83238393068313598633 0.83534121513366699219 0.82957738637924194336 0.82671380043029785156 0.81544452905654907227 0.78968572616577148438 0.79558211565017700195 0.74566924571990966797
 0.86180633306503295898 0.86269217729568481445 0.86073315143585205078 0.86014550924301147461 0.85881459712982177734 0.86129617691040039062 0.85650664567947387695 0.85528999567031860352 0.85297536849975585938 0.84960448741912841797 0.84611839056015014648 0.84386879205703735352 0.83685243129730224609 0.8200130462646484375 0.80425792932510375977 0.77530455589294433594
 0.86215662956237792969 0.86214339733123779297 0.8621775507926940918 0.85908329486846923828 0.85954433679580688477 0.86113435029983520508 0.86160826683044433594 0.86200678348541259766 0.86102294921875 0.86038297414779663086 0.86170053482055664062 0.86271131038665771484 0.85757583379745483398 0.84798377752304077148 0.83421921730041503906 0.81509721279144287109
 0.86349964141845703125 0.86281609535217285156 0.85974657535552978516 0.8585268855094909668 0.85883158445358276367 0.85578906536102294922 0.85813617706298828125 0.85911154747009277344 0.862262725830078125 0.86309456825256347656 0.86241734027862548828 0.86216890811920166016 0.86116760969161987305 0.85596263408660888672 0.84633624553680419922 0.82703173160552978516
 0.86321508884429931641 0.86248862743377685547 0.86123418807983398438 0.86168891191482543945 0.86057460308074951172 0.8572527766227722168 0.86452722549438476562 0.86402738094329833984 0.86487841606140136719 0.86380434036254882812 0.86499220132827758789 0.86372506618499755859 0.8629162907600402832 0.86043113470077514648 0.85396599769592285156 0.84599030017852783203
 0.86490744352340698242 0.86405771970748901367 0.86329835653305053711 0.86339294910430908203 0.86314702033996582031 0.862232208251953125 0.86682230234146118164 0.86701172590255737305 0.86807548999786376953 0.86571288108825683594 0.86734855175018310547 0.86699563264846801758 0.86611258983612060547 0.86424005031585693359 0.86179882287979125977 0.85339635610580444336
 0.86519610881805419922 0.86317753791809082031 0.86217415332794189453 0.86149334907531738281 0.8591702580451965332 0.85476440191268920898 0.85890525579452514648 0.85942625999450683594 0.86097466945648193359 0.86011195182800292969 0.86223173141479492188 0.86066746711730957031 0.86447429656982421875 0.86353003978729248047 0.86102813482284545898 0.85378003120422363281
 0.86515641212463378906 0.86379599571228027344 0.86381018161773681641 0.86341786384582519531 0.86340469121932983398 0.8601061701774597168 0.86375039815902709961 0.86356729269027709961 0.86519044637680053711 0.86196970939636230469 0.8658402562141418457 0.86525231599807739258 0.86522454023361206055 0.86334502696990966797 0.86423164606094360352 0.8619130253791809082
 0.8663317561149597168 0.86555445194244384766 0.86198431253433227539 0.86134999990463256836 0.85958367586135864258 0.85306221246719360352 0.8575127720832824707 0.85644501447677612305 0.85779893398284912109 0.85686701536178588867 0.85931479930877685547 0.85984212160110473633 0.85903686285018920898 0.85705554485321044922 0.85811597108840942383 0.85886216163635253906
 0.86598569154739379883 0.86450284719467163086 0.86337208747863769531 0.86209535598754882812 0.86164593696594238281 0.85460335016250610352 0.85565531253814697266 0.85614335536956787109 0.85630190372467041016 0.85267591476440429688 0.85645681619644165039 0.86052840948104858398 0.86217057704925537109 0.85717666149139404297 0.85927623510360717773 0.85873341560363769531
 0.86698293685913085938 0.86585646867752075195 0.86585766077041625977 0.86259782314300537109 0.8620885014533996582 0.8580538630485534668 0.85877460241317749023 0.8586247563362121582 0.85887300968170166016 0.85647797584533691406 0.85936951637268066406 0.85823714733123779297 0.85928356647491455078 0.85836291313171386719 0.85778534412384033203 0.85641878843307495117
