data/PosinaDailyOneYear/15/dem_15.asc
ncols        675
nrows        650
xllcorner    1669000.000000000000
yllcorner    5070800.000000000000
cellsize     20.000000000000
NODATA_value  -9999
[rows 102 to 135 of 650, columns 308 to 384 of 675]
1583 1588 1592 1597 1600 1603 1606 1609 1612 1616 1621 1625 1629 1632 1634 1634 1635 1635 1634 1633 1630 1628 1627 1628 1629 1632 1634 1637 1639 1641 1644 1646 1649 1652 1656 1660 1666 1672 1678 1684 1689 1693 1695 1698 1700 1701 1703 1706 1709 1713 1718 1725 1732 1739 1747 1756 1765 1775 1786 1798 1808 1814 -9999 -9999 -9999 -9999 -9999 -9999 -9999 -9999 -9999 -9999 -9999 -9999 -9999 -9999 -9999
1584 1589 1593 1597 1601 1604 1607 1609 1612 1616 1620 1624 1628 1630 1631 1632 1633 1633 1632 1631 1629 1627 1626 1627 1629 1631 1634 1637 1639 1642 1644 1646 1649 1652 1657 1662 1667 1674 1680 1686 1691 1695 1698 1700 1702 1704 1707 1709 1712 1716 1721 1727 1735 1743 1751 1760 1770 1780 1791 1802 1812 1818 -9999 -9999 -9999 -9999 -9999 -9999 -9999 -9999 -9999 -9999 -9999 -9999 -9999 -9999 -9999
1585 1590 1595 1599 1602 1605 1607 1610 1613 1616 1620 1623 1626 1628 1629 1630 1631 1631 1631 1630 1629 1627 1627 1627 1629 1631 1634 1637 1640 1642 1645 1647 1650 1653 1658 1663 1669 1676 1682 1688 1693 1697 1700 1703 1705 1708 1710 1713 1716 1720 1725 1732 1739 1747 1756 1766 1775 1786 1796 1808 1817 1823 -9999 -9999 -9999 -9999 -9999 -9999 -9999 -9999 -9999 -9999 -9999 -9999 -9999 -9999 -9999
1587 1592 1596 1600 1603 1605 1608 1610 1613 1616 1619 1622 1624 1626 1627 1628 1629 1629 1630 1629 1629 1628 1628 1628 1630 1632 1635 1638 1641 1644 1646 1649 1651 1655 1659 1665 1672 1679 1685 1691 1695 1699 1702 1705 1708 1711 1714 1718 1722 1726 1732 1738 1746 1754 1763 1773 1782 1792 1803 1813 1823 1828 -9999 -9999 -9999 -9999 -9999 -9999 -9999 -9999 -9999 -9999 -9999 -9999 -9999 -9999 -9999
1588 1593 1597 1601 1604 1606 1609 1611 1613 1616 1619 1621 1623 1624 1625 1626 1627 1628 1629 1629 1629 1629 1629 1630 1632 1634 1637 1640 1643 1646 1648 1651 1654 1657 1662 1668 1675 1683 1689 1694 1698 1702 1705 1709 1712 1716 1720 1724 1728 1734 1740 1747 1755 1763 1772 1781 1790 1800 1810 1819 1828 1834 -9999 -9999 -9999 -9999 -9999 -9999 -9999 -9999 -9999 -9999 -9999 -9999 -9999 -9999 -9999
1588 1593 1598 1601 1604 1607 1609 1611 1614 1616 1618 1620 1622 1623 1624 1625 1626 1627 1628 1629 1630 1631 1631 1632 1634 1637 1640 1643 1646 1649 1651 1654 1657 1660 1665 1672 1679 1687 1693 1698 1702 1705 1709 1713 1717 1722 1726 1731 1737 1743 1750 1757 1765 1773 1781 1789 1798 1807 1816 1825 1833 1839 -9999 -9999 -9999 -9999 -9999 -9999 -9999 -9999 -9999 -9999 -9999 -9999 -9999 -9999 -9999
1588 1593 1598 1602 1605 1607 1609 1612 1614 1616 1618 1620 1621 1622 1623 1624 1626 1628 1629 1631 1632 1633 1634 1635 1637 1640 1643 1646 1649 1652 1655 1658 1661 1665 1670 1677 1685 1692 1698 1702 1706 1709 1713 1717 1723 1728 1734 1740 1747 1754 1761 1769 1776 1784 1791 1798 1805 1813 1822 1830 1838 1843 -9999 -9999 -9999 -9999 -9999 -9999 -9999 -9999 -9999 -9999 -9999 -9999 -9999 -9999 -9999
1588 1593 1598 1602 1605 1608 1610 1612 1614 1616 1618 1619 1621 1622 1623 1625 1627 1629 1631 1633 1634 1635 1636 1638 1640 1643 1647 1650 1654 1657 1660 1663 1666 1670 1676 1682 1690 1697 1703 1707 1710 1714 1718 1723 1730 1736 1743 1750 1758 1765 1773 1781 1788 1795 1801 1807 1812 1819 1827 1835 1842 1847 -9999 -9999 -9999 -9999 -9999 -9999 -9999 -9999 -9999 -9999 -9999 -9999 -9999 -9999 -9999
1588 1594 1599 1603 1606 1609 1611 1612 1614 1616 1618 1620 1621 1623 1625 1627 1629 1631 1634 1635 1637 1638 1640 1642 1645 1648 1652 1656 1660 1663 1666 1670 1673 1677 1682 1688 1696 1702 1707 1711 1715 1719 1724 1730 1738 1746 1754 1762 1770 1777 1785 1793 1800 1806 1811 1816 1820 1825 1831 1838 1845 1850 -9999 -9999 -9999 -9999 -9999 -9999 -9999 -9999 -9999 -9999 -9999 -9999 -9999 -9999 -9999
1589 1595 1600 1604 1608 1610 1612 1614 1616 1618 1620 1621 1623 1625 1627 1629 1632 1634 1636 1638 1640 1642 1644 1646 1650 1653 1658 1663 1667 1671 1674 1678 1681 1685 1690 1695 1701 1707 1712 1717 1721 1726 1732 1739 1747 1756 1765 1774 1782 1790 1798 1806 1812 1818 1822 1825 1827 1830 1835 1841 1847 1851 -9999 -9999 -9999 -9999 -9999 -9999 -9999 -9999 -9999 -9999 -9999 -9999 -9999 -9999 -9999
1590 1596 1601 1606 1610 1612 1614 1616 1618 1620 1622 1624 1626 1628 1630 1632 1635 1637 1639 1641 1643 1645 1648 1652 1656 1660 1665 1671 1676 1680 1684 1687 1691 1694 1699 1703 1708 1713 1718 1723 1728 1734 1741 1749 1758 1768 1777 1786 1795 1803 1811 1818 1825 1829 1832 1833 1834 1836 1839 1844 1848 1852 -9999 -9999 -9999 -9999 -9999 -9999 -9999 -9999 -9999 -9999 -9999 -9999 -9999 -9999 -9999
1592 1598 1603 1608 1612 1615 1617 1619 1622 1624 1626 1627 1629 1631 1633 1636 1638 1641 1643 1645 1648 1650 1654 1658 1663 1668 1674 1680 1686 1691 1694 1698 1702 1705 1709 1713 1717 1721 1726 1731 1737 1743 1751 1760 1770 1780 1790 1799 1808 1816 1824 1831 1836 1840 1841 1841 1840 1840 1841 1844 1848 -9999 -9999 -9999 -9999 -9999 -9999 -9999 -9999 -9999 -9999 -9999 -9999 -9999 -9999 -9999 -9999
1595 1600 1606 1611 1615 1618 1621 1623 1625 1628 1630 1631 1633 1635 1638 1640 1643 1646 1648 1651 1654 1657 1661 1666 1672 1678 1684 1691 1697 1702 1707 1710 1714 1717 1720 1723 1726 1730 1735 1741 1747 1754 1763 1772 1782 1793 1803 1812 1821 1829 1836 1842 1847 1849 1849 1848 1846 1844 1843 1844 -9999 -9999 -9999 -9999 -9999 -9999 -9999 -9999 -9999 -9999 -9999 -9999 -9999 -9999 -9999 -9999 -9999
1599 1604 1609 1614 1618 1622 1625 1628 1630 1632 1634 1636 1638 1641 1644 1647 1650 1653 1656 1659 1662 1666 1670 1676 1682 1688 1695 1702 1709 1715 1720 1724 1727 1730 1732 1735 1738 1741 1746 1751 1758 1766 1775 1785 1795 1806 1816 1826 1834 1842 1848 1853 1856 1857 1855 1853 1850 -9999 -9999 -9999 -9999 -9999 -9999 -9999 -9999 -9999 -9999 -9999 -9999 -9999 -9999 -9999 -9999 -9999 -9999 -9999 -9999
1603 1608 1613 1618 1623 1627 1630 1633 1636 1638 1640 1642 1645 1648 1651 1655 1658 1661 1664 1668 1671 1676 1681 1687 1693 1700 1707 1715 1722 1729 1734 1738 1741 1743 1745 1747 1749 1752 1757 1763 1770 1778 1787 1797 1808 1819 1829 1839 1847 1853 1858 1862 1863 1863 1860 -9999 -9999 -9999 -9999 -9999 -9999 -9999 -9999 -9999 -9999 -9999 -9999 -9999 -9999 -9999 -9999 -9999 -9999 -9999 -9999 -9999 -9999
1609 1614 1618 1624 1628 1633 1636 1639 1642 1645 1648 1650 1653 1656 1660 1664 1667 1670 1673 1677 1681 1686 1692 1698 1705 1712 1720 1728 1736 1743 1748 1752 1755 1757 1758 1759 1761 1764 1768 1774 1782 1790 1799 1810 1821 1831 1841 1850 1857 1863 1867 1869 1869 1867 -9999 -9999 -9999 -9999 -9999 -9999 -9999 -9999 -9999 -9999 -9999 -9999 -9999 -9999 -9999 -9999 -9999 -9999 -9999 -9999 -9999 -9999 -9999
1617 1621 1626 1631 1636 1640 1644 1648 1651 1654 1657 1659 1662 1666 1669 1673 1676 1679 1683 1687 1691 1697 1703 1710 1717 1725 1733 1742 1750 1756 1762 1766 1768 1770 1771 1771 1773 1775 1780 1786 1793 1801 1811 1821 1832 1842 1851 1859 1866 1871 1874 1874 1873 -9999 -9999 -9999 -9999 -9999 -9999 -9999 -9999 -9999 -9999 -9999 -9999 -9999 -9999 -9999 -9999 -9999 -9999 -9999 -9999 -9999 -9999 -9999 -9999
1626 1630 1635 1640 1645 1650 1654 1658 1661 1664 1667 1670 1672 1675 1679 1682 1685 1689 1692 1696 1701 1707 1714 1721 1729 1737 1745 1754 1762 1769 1774 1779 1781 1782 1783 1783 1784 1787 1791 1797 1804 1812 1821 1831 1841 1850 1859 1866 1872 1876 1878 1878 -9999 -9999 -9999 -9999 -9999 -9999 -9999 -9999 -9999 -9999 -9999 -9999 -9999 -9999 -9999 -9999 -9999 -9999 -9999 -9999 -9999 -9999 -9999 -9999 -9999
1636 1640 1645 1651 1656 1661 1666 1670 1673 1676 1678 1680 1682 1685 1688 1691 1694 1698 1702 1707 1712 1718 1725 1732 1740 1748 1756 1764 1772 1779 1785 1790 1792 1794 1795 1795 1796 1798 1802 1807 1814 1821 1830 1839 1848 1857 1864 1871 1876 1880 1882 -9999 -9999 -9999 -9999 -9999 -9999 -9999 -9999 -9999 -9999 -9999 -9999 -9999 -9999 -9999 -9999 -9999 -9999 -9999 -9999 -9999 -9999 -9999 -9999 -9999 -9999
1646 1651 1656 1662 1668 1673 1678 1682 1686 1688 1690 1692 1693 1695 1697 1700 1704 1708 1712 1717 1722 1729 1735 1743 1750 1758 1765 1773 1781 1788 1794 1799 1802 1804 1805 1806 1807 1809 1813 1817 1823 1830 1838 1846 1854 1861 1868 1874 1879 1883 1884 -9999 -9999 -9999 -9999 -9999 -9999 -9999 -9999 -9999 -9999 -9999 -9999 -9999 -9999 -9999 -9999 -9999 -9999 -9999 -9999 -9999 -9999 -9999 -9999 -9999 -9999
1655 1660 1666 1673 1679 1685 1690 1694 1697 1700 1701 1702 1704 1705 1707 1710 1713 1717 1722 1727 1733 1739 1745 1752 1760 1767 1774 1781 1789 1796 1801 1806 1809 1812 1814 1815 1817 1819 1822 1826 1831 1837 1844 1851 1858 1865 1871 1877 1882 1884 -9999 -9999 -9999 -9999 -9999 -9999 -9999 -9999 -9999 -9999 -9999 -9999 -9999 -9999 -9999 -9999 -9999 -9999 -9999 -9999 -9999 -9999 -9999 -9999 -9999 -9999 -9999
1663 1669 1676 1683 1689 1695 1699 1703 1706 1709 1711 1712 1713 1715 1717 1720 1723 1727 1732 1737 1743 1749 1755 1762 1768 1775 1782 1789 1796 1802 1808 1812 1815 1818 1820 1822 1825 1827 1830 1834 1838 1843 1849 1855 1861 1867 1873 1879 1883 1885 -9999 -9999 -9999 -9999 -9999 -9999 -9999 -9999 -9999 -9999 -9999 -9999 -9999 -9999 -9999 -9999 -9999 -9999 -9999 -9999 -9999 -9999 -9999 -9999 -9999 -9999 -9999
1670 1677 1684 1691 1698 1703 1707 1711 1713 1716 1718 1720 1721 1723 1726 1728 1732 1736 1741 1746 1751 1757 1764 1770 1776 1783 1789 1796 1802 1808 1813 1817 1820 1823 1825 1828 1830 1833 1836 1839 1843 1847 1852 1857 1863 1869 1874 1880 1884 1886 -9999 -9999 -9999 -9999 -9999 -9999 -9999 -9999 -9999 -9999 -9999 -9999 -9999 -9999 -9999 -9999 -9999 -9999 -9999 -9999 -9999 -9999 -9999 -9999 -9999 -9999 -9999
1676 1684 1691 1698 1704 1709 1713 1716 1718 1721 1723 1725 1728 1730 1733 1736 1740 1744 1749 1754 1759 1765 1771 1777 1783 1789 1796 1802 1807 1813 1817 1821 1824 1826 1829 1831 1833 1836 1838 1842 1845 1849 1853 1858 1863 1869 1875 1880 1884 -9999 -9999 -9999 -9999 -9999 -9999 -9999 -9999 -9999 -9999 -9999 -9999 -9999 -9999 -9999 -9999 -9999 -9999 -9999 -9999 -9999 -9999 -9999 -9999 -9999 -9999 -9999 -9999
1681 1688 1696 1702 1708 1713 1716 1719 1722 1724 1727 1729 1732 1735 1738 1742 1746 1750 1755 1760 1766 1771 1777 1783 1789 1795 1800 1806 1811 1816 1820 1824 1826 1828 1830 1832 1834 1836 1839 -9999 -9999 -9999 -9999 -9999 -9999 -9999 -9999 -9999 -9999 -9999 -9999 -9999 -9999 -9999 -9999 -9999 -9999 -9999 -9999 -9999 -9999 -9999 -9999 -9999 -9999 -9999 -9999 -9999 -9999 -9999 -9999 -9999 -9999 -9999 -9999 -9999 -9999
-9999 -9999 -9999 -9999 -9999 -9999 -9999 -9999 -9999 -9999 1729 1732 1736 1739 1743 1747 1751 1755 1760 1766 1771 1776 1782 1787 1793 1798 1804 1809 1814 1818 1822 1825 1828 1829 1831 -9999 -9999 -9999 -9999 -9999 -9999 -9999 -9999 -9999 -9999 -9999 -9999 -9999 -9999 -9999 -9999 -9999 -9999 -9999 -9999 -9999 -9999 -9999 -9999 -9999 -9999 -9999 -9999 -9999 -9999 -9999 -9999 -9999 -9999 -9999 -9999 -9999 -9999 -9999 -9999 -9999 -9999
-9999 -9999 -9999 -9999 -9999 -9999 -9999 -9999 -9999 -9999 -9999 -9999 1738 1742 1746 1750 1755 1759 1765 1770 1775 1780 1786 1791 1796 1801 1806 1811 1815 1819 1823 1826 1828 -9999 -9999 -9999 -9999 -9999 -9999 -9999 -9999 -9999 -9999 -9999 -9999 -9999 -9999 -9999 -9999 -9999 -9999 -9999 -9999 -9999 -9999 -9999 -9999 -9999 -9999 -9999 -9999 -9999 -9999 -9999 -9999 -9999 -9999 -9999 -9999 -9999 -9999 -9999 -9999 -9999 -9999 -9999 -9999
-9999 -9999 -9999 -9999 -9999 -9999 -9999 -9999 -9999 -9999 -9999 -9999 -9999 -9999 1748 1753 1757 1762 1768 1773 1778 1784 1789 1793 1798 1803 1807 1812 1816 1820 -9999 -9999 -9999 -9999 -9999 -9999 -9999 -9999 -9999 -9999 -9999 -9999 -9999 -9999 -9999 -9999 -9999 -9999 -9999 -9999 -9999 -9999 -9999 -9999 -9999 -9999 -9999 -9999 -9999 -9999 -9999 -9999 -9999 -9999 -9999 -9999 -9999 -9999 -9999 -9999 -9999 -9999 -9999 -9999 -9999 -9999 -9999
-9999 -9999 -9999 -9999 -9999 -9999 -9999 -9999 -9999 -9999 -9999 -9999 -9999 -9999 -9999 -9999 -9999 -9999 1770 1775 1781 1786 1790 1795 1799 1804 1808 1812 -9999 -9999 -9999 -9999 -9999 -9999 -9999 -9999 -9999 -9999 -9999 -9999 -9999 -9999 -9999 -9999 -9999 -9999 -9999 -9999 -9999 -9999 -9999 -9999 -9999 -9999 -9999 -9999 -9999 -9999 -9999 -9999 -9999 -9999 -9999 -9999 -9999 -9999 -9999 -9999 -9999 -9999 -9999 -9999 -9999 -9999 -9999 -9999 -9999
-9999 -9999 -9999 -9999 -9999 -9999 -9999 -9999 -9999 -9999 -9999 -9999 -9999 -9999 -9999 -9999 -9999 -9999 -9999 -9999 -9999 -9999 -9999 -9999 -9999 -9999 -9999 -9999 -9999 -9999 -9999 -9999 -9999 -9999 -9999 -9999 -9999 -9999 -9999 -9999 -9999 -9999 -9999 -9999 -9999 -9999 -9999 -9999 -9999 -9999 -9999 -9999 -9999 -9999 -9999 -9999 -9999 -9999 -9999 -9999 -9999 -9999 -9999 -9999 -9999 -9999 -9999 -9999 -9999 -9999 -9999 -9999 -9999 -9999 -9999 -9999 -9999
-9999 -9999 -9999 -9999 -9999 -9999 -9999 -9999 -9999 -9999 -9999 -9999 -9999 -9999 -9999 -9999 -9999 -9999 -9999 -9999 -9999 -9999 -9999 -9999 -9999 -9999 -9999 -9999 -9999 -9999 -9999 -9999 -9999 -9999 -9999 -9999 -9999 -9999 -9999 -9999 -9999 -9999 -9999 -9999 -9999 -9999 -9999 -9999 -9999 -9999 -9999 -9999 -9999 -9999 -9999 -9999 -9999 -9999 -9999 -9999 -9999 -9999 -9999 -9999 -9999 -9999 -9999 -9999 -9999 -9999 -9999 -9999 -9999 -9999 -9999 -9999 -9999
-9999 -9999 -9999 -9999 -9999 -9999 -9999 -9999 -9999 -9999 -9999 -9999 -9999 -9999 -9999 -9999 -9999 -9999 -9999 -9999 -9999 -9999 -9999 -9999 -9999 -9999 -9999 -9999 -9999 -9999 -9999 -9999 -9999 -9999 -9999 -9999 -9999 -9999 -9999 -9999 -9999 -9999 -9999 -9999 -9999 -9999 -9999 -9999 -9999 -9999 -9999 -9999 -9999 -9999 -9999 -9999 -9999 -9999 -9999 -9999 -9999 -9999 -9999 -9999 -9999 -9999 -9999 -9999 -9999 -9999 -9999 -9999 -9999 -9999 -9999 -9999 -9999
-9999 -9999 -9999 -9999 -9999 -9999 -9999 -9999 -9999 -9999 -9999 -9999 -9999 -9999 -9999 -9999 -9999 -9999 -9999 -9999 -9999 -9999 -9999 -9999 -9999 -9999 -9999 -9999 -9999 -9999 -9999 -9999 -9999 -9999 -9999 -9999 -9999 -9999 -9999 -9999 -9999 -9999 -9999 -9999 -9999 -9999 -9999 -9999 -9999 -9999 -9999 -9999 -9999 -9999 -9999 -9999 -9999 -9999 -9999 -9999 -9999 -9999 -9999 -9999 -9999 -9999 -9999 -9999 -9999 -9999 -9999 -9999 -9999 -9999 -9999 -9999 -9999
-9999 -9999 -9999 -9999 -9999 -9999 -9999 -9999 -9999 -9999 -9999 -9999 -9999 -9999 -9999 -9999 -9999 -9999 -9999 -9999 -9999 -9999 -9999 -9999 -9999 -9999 -9999 -9999 -9999 -9999 -9999 -9999 -9999 -9999 -9999 -9999 -9999 -9999 -9999 -9999 -9999 -9999 -9999 -9999 -9999 -9999 -9999 -9999 -9999 -9999 -9999 -9999 -9999 -9999 -9999 -9999 -9999 -9999 -9999 -9999 -9999 -9999 -9999 -9999 -9999 -9999 -9999 -9999 -9999 -9999 -9999 -9999 -9999 -9999 -9999 -9999 -9999
