data/PosinaDailyOneYear/15/dem_15_rid.asc
ncols        18
nrows        16
xllcorner    1675280.000000000000
yllcorner    5081720.000000000000
cellsize     20.000000000000
NODATA_value  -9999
 1623 1627 1632 1637 1645 1652 1660 1665 1668 1668 1666 1664 1662 1661 1661 1663 1665 1667
 1620 1624 1629 1635 1642 1650 1657 1662 1665 1665 1663 1661 1659 1659 1659 1660 1662 1664
 1617 1621 1626 1632 1639 1647 1654 1659 1661 1661 1660 1658 1657 1656 1657 1658 1660 1662
 1614 1618 1623 1629 1636 1644 1651 1656 1658 1658 1657 1655 1654 1653 1654 1655 1657 1659
 1610 1615 1620 1626 1634 1641 1648 1653 1655 1655 1653 1652 1651 1651 1651 1653 1655 1657
 1608 1612 1618 1624 1632 1639 1646 1650 1652 1652 1650 1649 1648 1648 1648 1650 1652 1654
 1606 1611 1616 1623 1630 1638 1644 1648 1650 1649 1647 1646 1645 1645 1645 1647 1649 1651
 1605 1609 1615 1622 1629 1637 1643 1646 1647 1647 1645 1643 1642 1642 1642 1643 1645 1647
 1604 1609 1614 1621 1628 1635 1641 1645 1646 1645 1643 1641 1640 1639 1639 1640 1641 1643
 1604 1608 1614 1620 1627 1634 1640 1643 1644 1643 1641 1639 1638 1637 1637 1637 1638 1640
 1604 1608 1613 1619 1625 1632 1638 1641 1642 1641 1640 1638 1637 1635 1635 1635 1635 1637
 1605 1608 1612 1618 1624 1630 1636 1639 1640 1640 1639 1637 1636 1635 1633 1633 1633 1634
 1605 1608 1612 1617 1623 1629 1634 1637 1638 1638 1637 1637 1636 1634 1632 1631 1631 1632
 1606 1609 1612 1616 1622 1627 1632 1635 1636 1636 1636 1636 1635 1634 1631 1630 1629 1629
 1606 1609 1612 1616 1621 1625 1629 1632 1634 1634 1635 1635 1634 1633 1630 1628 1627 1628
 1607 1609 1612 1616 1620 1624 1628 1630 1631 1632 1633 1633 1632 1631 1629 1627 1626 1627
