data/PosinaDailyOneYear/15/sky_15_rid.asc
ncols        18
nrows        16
xllcorner    1675280.000000000000
yllcorner    5081720.000000000000
cellsize     20.000000000000
NODATA_value  -9999
 0.9228541254997253418 0.92154484987258911133 0.91849309206008911133 0.91078686714172363281 0.91302132606506347656 0.90851938724517822266 0.92801052331924438477 0.9428837895393371582 0.94712620973587036133 0.94465559720993041992 0.94049739837646484375 0.93884897232055664062 0.93807637691497802734 0.93654006719589233398 0.93726128339767456055 0.93738716840744018555 0.93735522031784057617 0.93700438737869262695
 0.92353129386901855469 0.92098057270050048828 0.92042487859725952148 0.91835355758666992188 0.91598355770111083984 0.91857916116714477539 0.93103069067001342773 0.94309502840042114258 0.94645786285400390625 0.94393467903137207031 0.94099557399749755859 0.93894886970520019531 0.93781280517578125 0.93831020593643188477 0.93781793117523193359 0.93724822998046875 0.937213897705078125 0.93668198585510253906
 0.92221933603286743164 0.91894477605819702148 0.91589361429214477539 0.91084319353103637695 0.90783894062042236328 0.91264390945434570312 0.92871308326721191406 0.94269096851348876953 0.94535475969314575195 0.9427573084831237793 0.93854451179504394531 0.9382457733154296875 0.93782186508178710938 0.93754971027374267578 0.93758589029312133789 0.93692898750305175781 0.93679946660995483398 0.93700373172760009766
 0.92272728681564331055 0.9200312495231628418 0.91784709692001342773 0.91496318578720092773 0.91415584087371826172 0.91743433475494384766 0.93046104907989501953 0.94323998689651489258 0.94496709108352661133 0.94307661056518554688 0.94102197885513305664 0.9384148716926574707 0.93802934885025024414 0.93669080734252929688 0.93794739246368408203 0.93713057041168212891 0.93674236536026000977 0.93682062625885009766
 0.92014855146408081055 0.92012459039688110352 0.91920351982116699219 0.91405248641967773438 0.9186553955078125 0.91925358772277832031 0.93193137645721435547 0.94266349077224731445 0.94441139698028564453 0.94293612241744995117 0.93897527456283569336 0.93831610679626464844 0.93873357772827148438 0.93765610456466674805 0.93643522262573242188 0.93663156032562255859 0.9371433258056640625 0.9361438751220703125
 0.91978979110717773438 0.91556876897811889648 0.9172522425651550293 0.9085559844970703125 0.9156589508056640625 0.91750276088714599609 0.93179965019226074219 0.94250953197479248047 0.94351720809936523438 0.94193196296691894531 0.93642789125442504883 0.93764340877532958984 0.93716025352478027344 0.93646615743637084961 0.93524843454360961914 0.93591165542602539062 0.93505394458770751953 0.93537813425064086914
 0.92001044750213623047 0.91974341869354248047 0.91662865877151489258 0.91721385717391967773 0.91591876745223999023 0.92278397083282470703 0.93622267246246337891 0.94310790300369262695 0.94310790300369262695 0.9414049983024597168 0.93786388635635375977 0.93699777126312255859 0.93595725297927856445 0.93601363897323608398 0.93490213155746459961 0.93417924642562866211 0.93361634016036987305 0.93442845344543457031
 0.92086303234100341797 0.91838616132736206055 0.91628706455230712891 0.91613209247589111328 0.91391974687576293945 0.92454570531845092773 0.93850857019424438477 0.94317263364791870117 0.94243592023849487305 0.9410273432731628418 0.9380080103874206543 0.93550038337707519531 0.93451768159866333008 0.93498343229293823242 0.93353039026260375977 0.9319407343864440918 0.93070822954177856445 0.93204408884048461914
 0.9223448634147644043 0.92256432771682739258 0.91923159360885620117 0.9201558232307434082 0.92136979103088378906 0.92604184150695800781 0.9381237030029296875 0.94249975681304931641 0.94248688220977783203 0.94057327508926391602 0.93761056661605834961 0.93666702508926391602 0.93552702665328979492 0.93306845426559448242 0.93205177783966064453 0.93143689632415771484 0.928844451904296875 0.92968732118606567383
 0.92442822456359863281 0.92366778850555419922 0.92338061332702636719 0.91998827457427978516 0.92191040515899658203 0.9269682765007019043 0.9379494786262512207 0.94204944372177124023 0.94166940450668334961 0.93998277187347412109 0.93651288747787475586 0.93480712175369262695 0.93422311544418334961 0.93236815929412841797 0.93067467212677001953 0.92956185340881347656 0.92874503135681152344 0.92892557382583618164
 0.92557239532470703125 0.92441606521606445312 0.92174470424652099609 0.92180788516998291016 0.91714674234390258789 0.92213976383209228516 0.93715143203735351562 0.94106149673461914062 0.94063663482666015625 0.93871831893920898438 0.93744927644729614258 0.93440914154052734375 0.93392920494079589844 0.93066704273223876953 0.93004947900772094727 0.92894858121871948242 0.92676806449890136719 0.92699205875396728516
 0.92728060483932495117 0.92674028873443603516 0.92442309856414794922 0.92541676759719848633 0.92532926797866821289 0.92676025629043579102 0.93726056814193725586 0.94027608633041381836 0.93957531452178955078 0.93870085477828979492 0.93690079450607299805 0.93434339761734008789 0.93329715728759765625 0.93133854866027832031 0.92745256423950195312 0.92767053842544555664 0.92504727840423583984 0.92448204755783081055
 0.92812585830688476562 0.92759758234024047852 0.92620164155960083008 0.92311406135559082031 0.92416286468505859375 0.92631119489669799805 0.93602997064590454102 0.93900853395462036133 0.93762964010238647461 0.93735355138778686523 0.93536347150802612305 0.93450707197189331055 0.93198490142822265625 0.92929172515869140625 0.92616838216781616211 0.92463320493698120117 0.92296761274337768555 0.92264574766159057617
 0.93006604909896850586 0.92973613739013671875 0.92738485336303710938 0.92441278696060180664 0.9267889857292175293 0.92721283435821533203 0.93503433465957641602 0.93771022558212280273 0.93719458580017089844 0.93577569723129272461 0.93496149778366088867 0.93358987569808959961 0.93095636367797851562 0.92883145809173583984 0.92305541038513183594 0.92311710119247436523 0.92160576581954956055 0.91944217681884765625
 0.93044692277908325195 0.92987972497940063477 0.93058735132217407227 0.92854493856430053711 0.92959249019622802734 0.92916876077651977539 0.93399286270141601562 0.93624520301818847656 0.93628156185150146484 0.93420886993408203125 0.93330717086791992188 0.93194085359573364258 0.92988854646682739258 0.92685097455978393555 0.92057055234909057617 0.92033445835113525391 0.91771864891052246094 0.91717678308486938477
 0.93212020397186279297 0.93160384893417358398 0.9320176243782043457 0.93176811933517456055 0.93207156658172607422 0.93212097883224487305 0.93437278270721435547 0.93434119224548339844 0.9337202906608581543 0.93232935667037963867 0.93166935443878173828 0.9304129481315612793 0.9273020625114440918 0.92490065097808837891 0.92115473747253417969 0.91725367307662963867 0.91595047712326049805 0.91448014974594116211
