data/PosinaDailyOneYear/17/dem_17.asc
ncols        675
nrows        650
xllcorner    1669000.000000000000
yllcorner    5070800.000000000000
cellsize     20.000000000000
NODATA_value  -9999
[rows 102 to 135 of 650, columns 154 to 230 of 675]
-9999 -9999 -9999 -9999 -9999 -9999 -9999 -9999 -9999 -9999 -9999 -9999 -9999 -9999 -9999 -9999 -9999 -9999 -9999 -9999 -9999 -9999 -9999 -9999 -9999 -9999 -9999 -9999 -9999 -9999 -9999 -9999 -9999 -9999 -9999 -9999 -9999 -9999 -9999 -9999 -9999 -9999 -9999 -9999 -9999 -9999 -9999 -9999 -9999 -9999 -9999 -9999 -9999 -9999 -9999 -9999 -9999 -9999 -9999 -9999 -9999 -9999 -9999 -9999 -9999 -9999 -9999 -9999 -9999 -9999 -9999 -9999 -9999 -9999 -9999 -9999 -9999
-9999 -9999 -9999 -9999 -9999 -9999 -9999 -9999 -9999 -9999 -9999 -9999 -9999 -9999 -9999 -9999 -9999 -9999 -9999 -9999 -9999 -9999 -9999 -9999 -9999 -9999 -9999 -9999 -9999 -9999 -9999 -9999 -9999 -9999 -9999 -9999 -9999 -9999 -9999 -9999 -9999 -9999 -9999 -9999 -9999 -9999 -9999 -9999 -9999 -9999 -9999 -9999 -9999 -9999 -9999 -9999 -9999 -9999 -9999 -9999 -9999 -9999 -9999 -9999 -9999 -9999 -9999 -9999 -9999 -9999 -9999 -9999 -9999 -9999 -9999 -9999 -9999
-9999 -9999 -9999 -9999 -9999 -9999 -9999 -9999 -9999 -9999 -9999 -9999 -9999 -9999 -9999 -9999 -9999 -9999 -9999 -9999 -9999 -9999 -9999 -9999 -9999 -9999 -9999 -9999 -9999 -9999 -9999 -9999 -9999 -9999 -9999 -9999 -9999 -9999 -9999 -9999 -9999 -9999 -9999 -9999 -9999 -9999 -9999 -9999 -9999 -9999 -9999 -9999 -9999 -9999 -9999 -9999 -9999 -9999 -9999 -9999 -9999 -9999 -9999 -9999 -9999 -9999 -9999 -9999 -9999 -9999 -9999 -9999 -9999 -9999 -9999 -9999 -9999
-9999 -9999 -9999 -9999 -9999 -9999 -9999 -9999 -9999 -9999 -9999 -9999 -9999 -9999 -9999 -9999 -9999 -9999 -9999 -9999 -9999 -9999 -9999 -9999 -9999 -9999 -9999 -9999 -9999 -9999 -9999 -9999 -9999 -9999 -9999 -9999 -9999 -9999 -9999 -9999 -9999 -9999 -9999 -9999 -9999 -9999 -9999 -9999 -9999 -9999 -9999 -9999 -9999 -9999 -9999 -9999 -9999 -9999 -9999 -9999 -9999 -9999 -9999 -9999 -9999 -9999 -9999 -9999 -9999 -9999 -9999 -9999 -9999 -9999 -9999 -9999 -9999
-9999 -9999 -9999 -9999 -9999 -9999 -9999 -9999 -9999 -9999 -9999 -9999 -9999 -9999 -9999 -9999 -9999 -9999 -9999 -9999 -9999 -9999 -9999 -9999 -9999 -9999 -9999 -9999 -9999 -9999 -9999 -9999 -9999 -9999 -9999 -9999 -9999 -9999 -9999 -9999 -9999 -9999 -9999 -9999 -9999 -9999 -9999 -9999 -9999 -9999 -9999 -9999 -9999 -9999 -9999 -9999 -9999 -9999 -9999 -9999 -9999 -9999 -9999 -9999 -9999 -9999 -9999 -9999 -9999 -9999 -9999 -9999 -9999 -9999 -9999 -9999 -9999
-9999 -9999 -9999 -9999 -9999 -9999 -9999 -9999 -9999 -9999 -9999 -9999 -9999 -9999 -9999 -9999 -9999 -9999 -9999 -9999 -9999 -9999 -9999 -9999 -9999 -9999 -9999 -9999 -9999 -9999 -9999 -9999 -9999 -9999 -9999 -9999 -9999 -9999 -9999 -9999 -9999 -9999 -9999 -9999 -9999 -9999 -9999 -9999 -9999 -9999 -9999 -9999 -9999 -9999 -9999 -9999 -9999 -9999 -9999 -9999 -9999 -9999 -9999 -9999 -9999 -9999 -9999 -9999 -9999 -9999 -9999 -9999 -9999 -9999 -9999 -9999 -9999
-9999 -9999 -9999 -9999 -9999 -9999 -9999 -9999 -9999 -9999 -9999 -9999 -9999 -9999 -9999 -9999 -9999 -9999 -9999 -9999 -9999 -9999 -9999 -9999 -9999 -9999 -9999 -9999 -9999 -9999 -9999 -9999 -9999 -9999 -9999 -9999 -9999 -9999 -9999 -9999 -9999 -9999 -9999 -9999 -9999 -9999 -9999 -9999 -9999 -9999 -9999 -9999 -9999 -9999 -9999 -9999 -9999 -9999 -9999 -9999 -9999 -9999 -9999 -9999 -9999 -9999 -9999 -9999 -9999 -9999 -9999 -9999 -9999 -9999 -9999 -9999 -9999
-9999 -9999 -9999 -9999 -9999 -9999 -9999 -9999 -9999 -9999 -9999 -9999 -9999 -9999 -9999 -9999 -9999 -9999 -9999 -9999 -9999 -9999 -9999 -9999 -9999 -9999 -9999 -9999 -9999 -9999 -9999 -9999 -9999 -9999 -9999 -9999 -9999 -9999 -9999 -9999 -9999 -9999 -9999 -9999 -9999 -9999 -9999 -9999 -9999 -9999 -9999 -9999 -9999 -9999 -9999 -9999 -9999 -9999 -9999 -9999 -9999 -9999 -9999 -9999 -9999 -9999 -9999 -9999 -9999 -9999 -9999 -9999 -9999 -9999 -9999 -9999 -9999
-9999 -9999 -9999 -9999 -9999 -9999 -9999 -9999 -9999 -9999 -9999 -9999 -9999 -9999 -9999 -9999 -9999 -9999 -9999 -9999 -9999 -9999 1640 1637 1635 1634 -9999 -9999 -9999 -9999 -9999 -9999 -9999 -9999 -9999 -9999 -9999 -9999 -9999 -9999 -9999 -9999 -9999 -9999 -9999 -9999 -9999 -9999 -9999 -9999 -9999 -9999 -9999 -9999 -9999 -9999 -9999 -9999 -9999 -9999 -9999 -9999 -9999 -9999 -9999 -9999 -9999 -9999 -9999 -9999 -9999 -9999 -9999 -9999 -9999 -9999 -9999
-9999 -9999 -9999 -9999 -9999 -9999 -9999 -9999 -9999 -9999 -9999 -9999 -9999 -9999 -9999 -9999 -9999 -9999 -9999 -9999 1648 1643 1640 1637 1635 1633 1631 -9999 -9999 -9999 -9999 -9999 -9999 -9999 -9999 -9999 -9999 -9999 -9999 -9999 -9999 -9999 -9999 -9999 -9999 -9999 -9999 -9999 -9999 -9999 -9999 -9999 -9999 -9999 -9999 -9999 -9999 -9999 -9999 -9999 -9999 -9999 -9999 -9999 -9999 -9999 -9999 -9999 -9999 -9999 -9999 -9999 1551 1546 1539 1532 1525
-9999 -9999 -9999 -9999 -9999 -9999 -9999 -9999 -9999 -9999 -9999 -9999 -9999 -9999 -9999 -9999 -9999 -9999 1659 1654 1649 1644 1640 1637 1635 1633 1630 1628 -9999 -9999 -9999 -9999 -9999 -9999 -9999 -9999 -9999 -9999 -9999 -9999 -9999 -9999 -9999 -9999 -9999 -9999 -9999 -9999 -9999 -9999 -9999 -9999 -9999 -9999 -9999 -9999 -9999 -9999 -9999 -9999 -9999 -9999 -9999 -9999 -9999 -9999 -9999 -9999 -9999 -9999 -9999 1556 1553 1548 1541 1534 1527
-9999 -9999 -9999 -9999 -9999 -9999 -9999 -9999 -9999 -9999 -9999 -9999 -9999 -9999 -9999 -9999 -9999 1664 1660 1654 1649 1644 1640 1637 1634 1632 1629 1627 1625 -9999 -9999 -9999 -9999 -9999 -9999 -9999 -9999 -9999 -9999 -9999 -9999 -9999 -9999 -9999 -9999 -9999 -9999 -9999 -9999 -9999 -9999 -9999 -9999 -9999 -9999 -9999 -9999 1576 1572 1569 1566 1565 1563 1562 1561 1560 1560 1559 1559 1559 1558 1557 1554 1550 1544 1537 1530
-9999 -9999 -9999 -9999 -9999 -9999 -9999 -9999 -9999 -9999 -9999 -9999 -9999 1672 1670 1668 1666 1663 1659 1654 1648 1644 1640 1637 1634 1631 1629 1626 1624 1622 -9999 -9999 -9999 -9999 -9999 -9999 -9999 -9999 -9999 -9999 -9999 -9999 -9999 -9999 -9999 -9999 -9999 -9999 -9999 -9999 -9999 -9999 -9999 -9999 -9999 -9999 1583 1578 1573 1569 1567 1565 1563 1561 1560 1560 1559 1559 1559 1559 1558 1557 1555 1551 1546 1540 1533
-9999 -9999 -9999 -9999 -9999 -9999 -9999 -9999 -9999 -9999 -9999 -9999 1674 1672 1670 1668 1665 1661 1656 1651 1646 1642 1639 1636 1633 1631 1628 1626 1623 1621 1620 -9999 -9999 -9999 -9999 -9999 -9999 -9999 -9999 -9999 1600 1597 1595 1593 1591 1591 1591 1592 1593 1594 1595 1595 1595 -9999 -9999 1589 1584 1579 1574 1570 1567 1565 1563 1561 1560 1560 1559 1559 1558 1558 1558 1557 1555 1552 1548 1542 1536
-9999 -9999 -9999 -9999 -9999 -9999 -9999 -9999 -9999 -9999 -9999 1678 1675 1672 1669 1666 1662 1658 1653 1648 1644 1641 1638 1635 1633 1630 1628 1625 1623 1621 1620 1619 1619 1618 1616 1614 1611 1608 1605 1602 1600 1597 1595 1593 1591 1591 1591 1591 1592 1593 1593 1593 1593 1593 1592 1589 1585 1579 1575 1571 1567 1565 1563 1562 1560 1559 1559 1558 1558 1557 1557 1556 1555 1552 1549 1544 1538
-9999 -9999 -9999 -9999 -9999 -9999 -9999 -9999 -9999 -9999 1684 1680 1676 1672 1668 1663 1659 1654 1650 1646 1642 1639 1637 1635 1633 1630 1628 1626 1623 1621 1620 1619 1618 1617 1615 1613 1611 1608 1605 1602 1599 1597 1595 1593 1591 1590 1590 1590 1590 1590 1590 1590 1590 1590 1589 1587 1583 1579 1574 1571 1568 1565 1563 1562 1560 1559 1559 1558 1557 1556 1556 1555 1554 1552 1549 1544 1539
-9999 -9999 -9999 -9999 -9999 -9999 -9999 -9999 -9999 1691 1687 1682 1677 1671 1666 1661 1656 1652 1647 1644 1641 1638 1636 1634 1633 1631 1628 1626 1623 1621 1620 1619 1618 1617 1615 1613 1610 1608 1605 1602 1599 1597 1595 1593 1591 1590 1589 1589 1588 1587 1586 1585 1585 1585 1585 1584 1581 1578 1574 1571 1568 1566 1564 1562 1561 1560 1559 1558 1557 1556 1555 1554 1553 1551 1549 1545 1540
-9999 -9999 -9999 -9999 -9999 -9999 -9999 -9999 1699 1695 1690 1684 1678 1671 1665 1659 1654 1650 1646 1642 1640 1638 1636 1634 1633 1631 1628 1626 1623 1622 1620 1619 1618 1617 1615 1613 1610 1607 1605 1602 1599 1597 1595 1593 1591 1590 1588 1587 1586 1584 1582 1581 1581 1581 1581 1581 1579 1577 1574 1571 1568 1566 1565 1563 1561 1560 1559 1558 1557 1556 1555 1554 1553 1551 1548 1545 1540
-9999 -9999 -9999 -9999 -9999 -9999 -9999 1706 1703 1698 1692 1686 1679 1671 1664 1658 1653 1648 1645 1642 1640 1638 1636 1635 1633 1631 1629 1627 1624 1622 1621 1620 1619 1618 1616 1613 1610 1608 1605 1602 1600 1598 1596 1594 1592 1590 1588 1586 1584 1581 1579 1578 1577 1578 1578 1579 1578 1576 1574 1572 1569 1567 1565 1564 1562 1561 1560 1559 1558 1556 1555 1554 1552 1551 1548 1545 1541
-9999 -9999 -9999 -9999 -9999 -9999 1714 1710 1706 1701 1694 1687 1679 1671 1663 1657 1652 1648 1645 1642 1640 1638 1637 1635 1634 1632 1630 1628 1625 1624 1623 1622 1621 1619 1617 1614 1611 1608 1606 1603 1601 1599 1597 1595 1593 1590 1588 1585 1583 1580 1578 1576 1575 1575 1576 1577 1577 1577 1575 1573 1571 1568 1566 1565 1563 1562 1561 1560 1558 1557 1556 1554 1553 1550 1548 1545 1542
-9999 -9999 -9999 -9999 -9999 -9999 1718 1714 1709 1703 1696 1688 1679 1671 1663 1657 1652 1648 1645 1642 1640 1639 1637 1636 1635 1633 1631 1629 1627 1625 1624 1624 1623 1621 1618 1615 1612 1610 1607 1604 1602 1600 1598 1596 1594 1591 1589 1586 1583 1579 1577 1575 1574 1574 1574 1576 1577 1577 1576 1574 1572 1570 1568 1566 1564 1563 1562 1561 1560 1558 1557 1555 1553 1551 1548 1545 1543
-9999 -9999 -9999 -9999 -9999 1724 1721 1716 1711 1705 1697 1689 1680 1671 1663 1657 1652 1648 1645 1643 1641 1640 1639 1637 1636 1634 1632 1630 1628 1626 1625 1625 1624 1623 1620 1617 1614 1611 1608 1606 1604 1601 1599 1597 1595 1593 1590 1587 1583 1580 1577 1574 1573 1573 1574 1575 1577 1578 1578 1576 1573 1571 1569 1567 1566 1565 1564 1563 1561 1560 1558 1556 1554 1551 1548 1545 1543
-9999 -9999 -9999 -9999 1729 1727 1723 1718 1713 1706 1698 1689 1680 1671 1663 1657 1652 1649 1646 1644 1642 1641 1640 1639 1637 1635 1633 1630 1628 1627 1626 1626 1626 1624 1622 1619 1615 1613 1610 1607 1605 1603 1601 1599 1597 1594 1591 1588 1584 1581 1578 1575 1573 1573 1574 1576 1578 1579 1579 1577 1575 1572 1570 1568 1567 1566 1565 1565 1564 1562 -9999 -9999 -9999 -9999 -9999 -9999 -9999
-9999 -9999 -9999 1734 1732 1729 1725 1720 1714 1706 1698 1689 1680 1671 1664 1658 1653 1649 1647 1645 1643 1642 1641 1639 1638 1636 1633 1631 1629 1628 1627 1627 1627 1625 1623 1620 1617 1614 1611 1609 1606 1604 1602 1600 1598 1595 1592 1589 1585 1582 1579 1576 1575 1574 1575 1577 1579 1581 1580 1579 1576 1573 1570 1569 1568 1568 1567 1567 1566 -9999 -9999 -9999 -9999 -9999 -9999 -9999 -9999
-9999 -9999 1737 1736 1734 1730 1726 1721 1714 1707 1698 1689 1679 1671 1664 1658 1653 1650 1647 1645 1644 1642 1641 1640 1638 1636 1633 1631 1629 1628 1628 1628 1628 1627 1624 1621 1618 1615 1612 1610 1607 1605 1603 1601 1598 1596 1593 1590 1587 1584 1581 1578 1577 1576 1577 1579 1581 1582 1582 1580 1577 1574 1571 1570 1569 1569 1568 1568 -9999 -9999 -9999 -9999 -9999 -9999 -9999 -9999 -9999
-9999 -9999 1739 1737 1735 1731 1727 1721 1715 1707 1698 1688 1679 1671 1664 1658 1653 1650 1648 1646 1644 1643 1642 1640 1638 1636 1633 1631 1630 1629 1629 1629 1629 1628 1626 1623 1620 1617 1614 1611 1608 1606 1603 1601 1599 1597 1594 1591 1589 1586 1583 1581 1579 1578 1579 1580 1582 1584 1583 1581 1578 1575 1573 1571 1570 1570 1569 -9999 -9999 -9999 -9999 -9999 -9999 -9999 -9999 -9999 -9999
-9999 -9999 1740 1738 1736 1732 1727 1721 1714 1706 1697 1688 1679 1671 1664 1658 1654 1650 1648 1646 1645 1643 1642 1640 1638 1636 1634 1632 1630 1630 1630 1630 1630 1629 1627 1625 1621 1618 1615 1612 1609 1607 1604 1602 1600 1598 1595 1593 1591 1588 1586 1583 1581 1580 1580 1581 1583 1584 1584 1582 1579 1576 1574 1572 1571 1570 1570 -9999 -9999 -9999 -9999 -9999 -9999 -9999 -9999 -9999 -9999
-9999 -9999 1741 1739 1736 1732 1727 1721 1714 1705 1696 1687 1678 1670 1663 1658 1653 1650 1648 1646 1645 1644 1642 1641 1639 1637 1634 1632 1631 1631 1631 1632 1632 1631 1629 1626 1623 1620 1617 1613 1611 1608 1605 1603 1601 1599 1597 1595 1593 1590 1588 1585 1583 1581 1581 1582 1583 1583 1583 1582 1580 1578 1575 1574 1572 1571 1571 -9999 -9999 -9999 -9999 -9999 -9999 -9999 -9999 -9999 -9999
-9999 -9999 1742 1740 1737 1732 1727 1720 1713 1704 1695 1686 1677 1670 1663 1658 1653 1650 1648 1647 1645 1644 1642 1641 1639 1637 1635 1633 1632 1632 1632 1633 1633 1632 1631 1628 1625 1622 1618 1615 1612 1610 1607 1604 1602 1600 1599 1597 1594 1592 1589 1587 1584 1583 1582 1582 1582 1583 1583 1582 1581 1579 1577 1575 1574 1573 1572 -9999 -9999 -9999 -9999 -9999 -9999 -9999 -9999 -9999 -9999
-9999 -9999 1743 1740 1737 1732 1727 1720 1712 1703 1694 1685 1676 1669 1663 1658 1654 1651 1649 1647 1646 1644 1643 1641 1639 1638 1635 1634 1633 1633 1633 1634 1634 1633 1632 1629 1626 1624 1621 1618 1615 1612 1609 1606 1604 1602 1600 1598 1596 1593 1591 1588 1585 1583 1582 1582 1582 1582 1583 1583 1582 1581 1579 1577 1576 1574 1573 -9999 -9999 -9999 -9999 -9999 -9999 -9999 -9999 -9999 -9999
-9999 1744 1743 1741 1738 1733 1727 1719 1711 1702 1693 1684 1676 1669 1663 1658 1654 1651 1649 1648 1646 1645 1643 1641 1640 1638 1636 1635 1634 1633 1634 1634 1634 1633 1632 1630 1628 1625 1623 1620 1617 1614 1611 1608 1606 1604 1602 1599 1597 1594 1592 1589 1586 1584 1583 1582 1582 1583 1583 1584 1584 1583 1581 1579 1577 1576 1575 -9999 -9999 -9999 -9999 -9999 -9999 -9999 -9999 -9999 -9999
1745 1745 1744 1742 1738 1733 1727 1719 1711 1702 1692 1684 1676 1670 1664 1659 1655 1652 1650 1648 1646 1645 1643 1641 1640 1638 1636 1635 1634 1634 1634 1634 1634 1634 1633 1631 1629 1627 1625 1622 1619 1616 1613 1610 1607 1605 1603 1600 1598 1595 1592 1590 1587 1585 1584 1583 1583 1584 1585 1586 1586 1585 1583 1581 1579 1577 -9999 -9999 -9999 -9999 -9999 -9999 -9999 -9999 -9999 -9999 -9999
1745 1745 1745 1743 1739 1734 1727 1720 1711 1702 1692 1684 1676 1670 1665 1660 1657 1653 1651 1648 1646 1644 1642 1641 1639 1638 1637 1636 1635 1635 1635 1635 1635 1634 1634 1632 1631 1629 1626 1624 1621 1618 1615 1612 1609 1606 1603 1601 1598 1596 1593 1590 1588 1586 1585 1584 1585 1586 1587 1588 1588 1587 1585 1583 1581 -9999 -9999 -9999 -9999 -9999 -9999 -9999 -9999 -9999 -9999 -9999 -9999
-9999 -9999 1746 1744 1740 1735 1729 1721 1712 1703 1693 1684 1677 1671 1666 1662 1658 1654 1651 1648 1646 1644 1642 1640 1639 1638 1637 1636 1636 1636 1636 1636 1636 1636 1635 1634 1632 1630 1628 1625 1622 1619 1616 1612 1609 1606 1603 1601 1598 1596 1593 1591 1589 1587 1586 1586 1586 1587 1589 1590 1590 1589 1587 -9999 -9999 -9999 -9999 -9999 -9999 -9999 -9999 -9999 -9999 -9999 -9999 -9999 -9999
