data/PosinaDailyOneYear/17/sky_17_rid.asc
ncols        15
nrows        15
xllcorner    1672680.000000000000
yllcorner    5080600.000000000000
cellsize     20.000000000000
NODATA_value  -9999
 0.95277345180511474609 0.95381224155426025391 0.95439934730529785156 0.95480823516845703125 0.95560866594314575195 0.95572608709335327148 0.9560305476188659668 0.9564666748046875 0.9554278254508972168 0.95566761493682861328 0.95412909984588623047 0.9537487030029296875 0.95238566398620605469 0.94916760921478271484 0.95037305355072021484
 0.95262098312377929688 0.95344638824462890625 0.95449066162109375 0.95500969886779785156 0.9552180171012878418 0.95539051294326782227 0.95621955394744873047 0.95647782087326049805 0.95649474859237670898 0.95598083734512329102 0.95408797264099121094 0.95331990718841552734 0.95179575681686401367 0.94484865665435791016 0.94744122028350830078
 0.95183891057968139648 0.95349687337875366211 0.95412647724151611328 0.95438277721405029297 0.95454782247543334961 0.95509743690490722656 0.95607781410217285156 0.95629000663757324219 0.95647180080413818359 0.95665717124938964844 0.95612305402755737305 0.95328307151794433594 0.94540047645568847656 0.94279175996780395508 0.94064462184906005859
 0.95235991477966308594 0.95327675342559814453 0.95396864414215087891 0.95366483926773071289 0.95478016138076782227 0.95525610446929931641 0.9556834101676940918 0.95614606142044067383 0.95631349086761474609 0.95698654651641845703 0.95693379640579223633 0.95641809701919555664 0.9524771571159362793 0.94974684715270996094 0.95077115297317504883
 0.95169746875762939453 0.95252066850662231445 0.95274573564529418945 0.95335757732391357422 0.95369106531143188477 0.95443964004516601562 0.95561659336090087891 0.95582121610641479492 0.95636117458343505859 0.9570242762565612793 0.95661109685897827148 0.95589864253997802734 0.95307016372680664062 0.95179665088653564453 0.94726848602294921875
 0.95155572891235351562 0.95185500383377075195 0.95279890298843383789 0.95369356870651245117 0.95355957746505737305 0.95423340797424316406 0.95545053482055664062 0.95543062686920166016 0.95551222562789916992 0.95586401224136352539 0.95577728748321533203 0.955074310302734375 0.9531421661376953125 0.95189327001571655273 0.95154047012329101562
 0.95154011249542236328 0.9518845677375793457 0.95293039083480834961 0.95354223251342773438 0.95384770631790161133 0.95419114828109741211 0.95537602901458740234 0.95539861917495727539 0.95509797334671020508 0.95487016439437866211 0.95435363054275512695 0.95266568660736083984 0.95182996988296508789 0.95167863368988037109 0.95127284526824951172
 0.95088440179824829102 0.95179665088653564453 0.95264923572540283203 0.95341759920120239258 0.95389473438262939453 0.95394301414489746094 0.95493996143341064453 0.95467245578765869141 0.95395749807357788086 0.95246350765228271484 0.95064198970794677734 0.94899320602416992188 0.94911998510360717773 0.95008265972137451172 0.95262455940246582031
 0.95108300447463989258 0.9522368311882019043 0.95249140262603759766 0.9528058171272277832 0.95345669984817504883 0.95325511693954467773 0.95349264144897460938 0.95337468385696411133 0.95123893022537231445 0.94998854398727416992 0.946819305419921875 0.94756174087524414062 0.95005249977111816406 0.95189327001571655273 0.95200210809707641602
 0.95085805654525756836 0.95087373256683349609 0.95194721221923828125 0.9524981379508972168 0.95323222875595092773 0.95352637767791748047 0.95298188924789428711 0.95099949836730957031 0.94738006591796875 0.94708228111267089844 0.94611179828643798828 0.94739836454391479492 0.94891983270645141602 0.95149940252304077148 0.95195597410202026367
 0.9509614109992980957 0.95100772380828857422 0.95142215490341186523 0.95184016227722167969 0.95270544290542602539 0.95223605632781982422 0.95061415433883666992 0.94902944564819335938 0.9478855133056640625 0.94769126176834106445 0.94674843549728393555 0.94795459508895874023 0.95035547018051147461 0.95062595605850219727 0.95134031772613525391
 0.95009481906890869141 0.95069706439971923828 0.95107847452163696289 0.95195859670639038086 0.95133817195892333984 0.94979912042617797852 0.94783627986907958984 0.94491082429885864258 0.94519841670989990234 0.94498419761657714844 0.94792801141738891602 0.94806975126266479492 0.94953149557113647461 0.95042002201080322266 0.95100259780883789062
 0.9497165679931640625 0.95043128728866577148 0.95044177770614624023 0.95032322406768798828 0.95011234283447265625 0.94885534048080444336 0.94617891311645507812 0.94536560773849487305 0.94447439908981323242 0.94666999578475952148 0.94775742292404174805 0.94798141717910766602 0.94940531253814697266 0.94964033365249633789 0.95049071311950683594
 0.94816124439239501953 0.94897705316543579102 0.94806379079818725586 0.94795233011245727539 0.94833719730377197266 0.9473120570182800293 0.94490611553192138672 0.94632685184478759766 0.94553476572036743164 0.94739204645156860352 0.94765508174896240234 0.94836002588272094727 0.94920498132705688477 0.94864678382873535156 0.949512481689453125
 0.94940763711929321289 0.94993722438812255859 0.94990813732147216797 0.94924372434616088867 0.94864356517791748047 0.94784551858901977539 0.94687634706497192383 0.94704008102416992188 0.9471581578254699707 0.94738757610321044922 0.94799977540969848633 0.9479033350944519043 0.94893854856491088867 0.94863456487655639648 0.95058286190032958984
