data/PosinaDailyOneYear/18/dem_18.asc
ncols        675
nrows        650
xllcorner    1669000.000000000000
yllcorner    5070800.000000000000
cellsize     20.000000000000
NODATA_value  -9999
[rows 136 to 169 of 650, columns 462 to 538 of 675]
-9999 -9999 -9999 -9999 -9999 -9999 -9999 -9999 -9999 -9999 -9999 -9999 -9999 -9999 -9999 -9999 -9999 -9999 -9999 -9999 -9999 -9999 -9999 -9999 -9999 -9999 -9999 -9999 -9999 -9999 -9999 -9999 -9999 -9999 -9999 -9999 -9999 -9999 -9999 -9999 -9999 -9999 -9999 -9999 -9999 -9999 -9999 -9999 -9999 -9999 -9999 -9999 -9999 -9999 -9999 -9999 -9999 -9999 -9999 -9999 -9999 -9999 -9999 -9999 -9999 -9999 -9999 -9999 -9999 -9999 -9999 -9999 -9999 -9999 -9999 -9999 -9999
-9999 -9999 -9999 -9999 -9999 -9999 -9999 -9999 -9999 -9999 -9999 -9999 -9999 -9999 -9999 -9999 -9999 -9999 -9999 -9999 -9999 -9999 -9999 -9999 -9999 -9999 -9999 -9999 -9999 -9999 -9999 -9999 -9999 -9999 -9999 -9999 -9999 -9999 -9999 -9999 -9999 -9999 -9999 -9999 -9999 -9999 -9999 -9999 -9999 -9999 -9999 -9999 -9999 -9999 -9999 -9999 -9999 -9999 -9999 -9999 -9999 -9999 -9999 -9999 -9999 -9999 -9999 -9999 -9999 -9999 -9999 -9999 -9999 -9999 -9999 -9999 -9999
-9999 -9999 -9999 -9999 -9999 -9999 -9999 -9999 -9999 -9999 -9999 -9999 -9999 -9999 -9999 -9999 -9999 -9999 -9999 -9999 -9999 -9999 -9999 -9999 -9999 -9999 -9999 -9999 -9999 -9999 -9999 -9999 -9999 -9999 -9999 -9999 -9999 -9999 -9999 -9999 -9999 -9999 -9999 -9999 -9999 -9999 -9999 -9999 -9999 -9999 -9999 -9999 -9999 -9999 -9999 -9999 -9999 -9999 -9999 -9999 -9999 -9999 -9999 -9999 -9999 -9999 -9999 -9999 -9999 -9999 -9999 -9999 -9999 -9999 -9999 -9999 -9999
-9999 -9999 -9999 -9999 -9999 -9999 -9999 -9999 -9999 -9999 -9999 -9999 -9999 -9999 -9999 -9999 -9999 -9999 -9999 -9999 -9999 -9999 -9999 -9999 -9999 -9999 -9999 -9999 -9999 -9999 -9999 -9999 -9999 -9999 -9999 -9999 -9999 -9999 -9999 -9999 -9999 -9999 -9999 -9999 -9999 -9999 -9999 -9999 -9999 -9999 -9999 -9999 -9999 -9999 -9999 -9999 -9999 -9999 -9999 -9999 -9999 -9999 -9999 -9999 -9999 -9999 -9999 -9999 -9999 -9999 -9999 -9999 -9999 -9999 -9999 -9999 -9999
-9999 -9999 -9999 -9999 -9999 -9999 -9999 -9999 -9999 -9999 -9999 -9999 -9999 -9999 -9999 -9999 -9999 -9999 -9999 -9999 -9999 -9999 -9999 -9999 -9999 -9999 -9999 -9999 -9999 -9999 -9999 -9999 -9999 -9999 -9999 -9999 -9999 -9999 -9999 -9999 -9999 -9999 -9999 -9999 -9999 -9999 -9999 -9999 -9999 -9999 -9999 -9999 -9999 -9999 -9999 -9999 -9999 -9999 -9999 -9999 -9999 -9999 -9999 -9999 -9999 -9999 -9999 -9999 -9999 -9999 -9999 -9999 -9999 -9999 -9999 -9999 -9999
-9999 -9999 -9999 -9999 -9999 -9999 -9999 -9999 -9999 -9999 -9999 -9999 -9999 -9999 -9999 -9999 -9999 -9999 -9999 -9999 -9999 -9999 -9999 -9999 -9999 -9999 -9999 -9999 -9999 -9999 -9999 -9999 -9999 -9999 -9999 -9999 -9999 -9999 -9999 -9999 -9999 -9999 -9999 -9999 -9999 -9999 -9999 -9999 -9999 -9999 -9999 -9999 -9999 -9999 -9999 -9999 -9999 -9999 -9999 -9999 -9999 -9999 -9999 -9999 -9999 -9999 -9999 -9999 -9999 -9999 -9999 -9999 -9999 -9999 -9999 -9999 -9999
-9999 -9999 -9999 -9999 -9999 -9999 -9999 -9999 -9999 -9999 -9999 -9999 -9999 -9999 -9999 -9999 -9999 -9999 -9999 -9999 -9999 -9999 -9999 -9999 -9999 -9999 -9999 -9999 -9999 -9999 -9999 -9999 -9999 -9999 -9999 -9999 -9999 -9999 -9999 -9999 -9999 -9999 -9999 -9999 -9999 -9999 -9999 -9999 -9999 -9999 -9999 -9999 -9999 -9999 -9999 -9999 -9999 -9999 -9999 -9999 -9999 -9999 -9999 -9999 -9999 -9999 -9999 -9999 -9999 -9999 -9999 -9999 -9999 -9999 -9999 -9999 -9999
1405 -9999 -9999 -9999 -9999 -9999 -9999 -9999 -9999 -9999 -9999 -9999 -9999 -9999 -9999 -9999 -9999 -9999 -9999 -9999 -9999 -9999 -9999 -9999 -9999 -9999 -9999 -9999 -9999 -9999 -9999 -9999 -9999 -9999 -9999 -9999 -9999 -9999 -9999 -9999 -9999 -9999 -9999 -9999 -9999 -9999 -9999 -9999 -9999 -9999 -9999 -9999 -9999 -9999 -9999 -9999 -9999 -9999 -9999 -9999 -9999 -9999 -9999 -9999 -9999 -9999 -9999 -9999 -9999 -9999 -9999 -9999 -9999 -9999 -9999 -9999 -9999
1401 1394 1387 1380 -9999 -9999 -9999 -9999 -9999 -9999 -9999 -9999 -9999 -9999 -9999 -9999 -9999 -9999 -9999 -9999 -9999 -9999 -9999 -9999 -9999 -9999 -9999 -9999 -9999 -9999 -9999 -9999 -9999 -9999 -9999 -9999 -9999 -9999 -9999 -9999 -9999 -9999 -9999 -9999 -9999 -9999 -9999 -9999 -9999 -9999 -9999 -9999 -9999 -9999 -9999 -9999 -9999 -9999 -9999 -9999 -9999 -9999 -9999 -9999 -9999 -9999 -9999 -9999 -9999 -9999 -9999 -9999 -9999 -9999 -9999 -9999 -9999
1395 1389 1382 1376 1370 -9999 -9999 -9999 -9999 -9999 -9999 -9999 -9999 -9999 -9999 -9999 -9999 -9999 -9999 -9999 -9999 -9999 -9999 -9999 -9999 -9999 -9999 -9999 -9999 -9999 -9999 -9999 -9999 -9999 -9999 -9999 -9999 -9999 -9999 -9999 -9999 -9999 -9999 -9999 -9999 -9999 -9999 -9999 -9999 -9999 -9999 -9999 -9999 -9999 -9999 -9999 -9999 -9999 -9999 -9999 -9999 -9999 -9999 -9999 -9999 -9999 -9999 -9999 -9999 -9999 -9999 -9999 -9999 -9999 -9999 -9999 -9999
1390 1384 1378 1372 1367 1362 1357 1352 -9999 -9999 -9999 -9999 -9999 -9999 -9999 -9999 -9999 -9999 -9999 -9999 -9999 -9999 -9999 -9999 -9999 -9999 -9999 -9999 -9999 -9999 -9999 -9999 -9999 -9999 -9999 -9999 -9999 -9999 -9999 -9999 -9999 -9999 -9999 -9999 -9999 -9999 -9999 -9999 -9999 -9999 -9999 -9999 -9999 -9999 -9999 -9999 -9999 -9999 -9999 -9999 -9999 -9999 -9999 -9999 -9999 -9999 -9999 -9999 -9999 -9999 -9999 895 884 -9999 -9999 -9999 -9999
1385 1379 1373 1367 1362 1358 1354 1349 1344 1338 1331 -9999 -9999 -9999 -9999 -9999 -9999 -9999 -9999 -9999 -9999 -9999 -9999 -9999 -9999 -9999 -9999 -9999 -9999 -9999 -9999 -9999 -9999 -9999 -9999 -9999 -9999 -9999 -9999 -9999 -9999 -9999 -9999 -9999 -9999 -9999 -9999 -9999 -9999 -9999 -9999 -9999 -9999 -9999 -9999 -9999 -9999 -9999 -9999 -9999 -9999 -9999 -9999 -9999 -9999 -9999 939 929 919 911 901 901 -9999 -9999 -9999 -9999 -9999
1380 1374 1368 1363 1358 1353 1349 1344 1340 1334 1328 1321 -9999 -9999 -9999 -9999 -9999 -9999 -9999 -9999 -9999 -9999 -9999 -9999 -9999 -9999 -9999 -9999 -9999 -9999 -9999 -9999 -9999 -9999 -9999 -9999 -9999 -9999 -9999 -9999 -9999 -9999 -9999 -9999 -9999 -9999 -9999 -9999 -9999 -9999 -9999 -9999 -9999 -9999 -9999 -9999 -9999 -9999 -9999 -9999 -9999 -9999 -9999 -9999 963 952 941 930 918 913 907 -9999 -9999 -9999 -9999 -9999 -9999
1375 1369 1363 1358 1353 1348 1344 1339 1335 1330 1324 1318 1312 1306 1300 1294 1289 1285 1281 1277 1272 -9999 -9999 -9999 -9999 -9999 -9999 -9999 -9999 -9999 -9999 -9999 -9999 -9999 -9999 -9999 -9999 -9999 -9999 -9999 -9999 -9999 -9999 -9999 -9999 -9999 -9999 -9999 -9999 -9999 -9999 -9999 -9999 -9999 -9999 -9999 -9999 -9999 -9999 -9999 -9999 -9999 990 978 965 952 940 930 930 929 927 -9999 -9999 -9999 -9999 -9999 -9999
1371 1365 1359 1354 1349 1344 1339 1334 1330 1325 1320 1314 1309 1303 1297 1292 1286 1282 1278 1274 1270 1266 1261 1256 -9999 -9999 -9999 -9999 -9999 -9999 -9999 -9999 -9999 -9999 -9999 -9999 -9999 -9999 -9999 -9999 -9999 -9999 -9999 -9999 -9999 -9999 -9999 -9999 -9999 -9999 -9999 -9999 -9999 -9999 -9999 -9999 -9999 -9999 -9999 1021 1012 1001 989 975 960 947 935 935 942 944 944 -9999 -9999 -9999 -9999 -9999 -9999
1367 1362 1356 1350 1345 1340 1335 1331 1326 1321 1316 1311 1306 1300 1294 1288 1283 1278 1273 1269 1265 1262 1257 1253 1247 -9999 -9999 -9999 -9999 -9999 -9999 -9999 -9999 -9999 -9999 -9999 -9999 -9999 -9999 -9999 -9999 -9999 -9999 -9999 -9999 -9999 -9999 -9999 -9999 -9999 -9999 -9999 -9999 1054 1050 1046 1041 1034 1027 1019 1009 996 981 966 949 941 941 950 956 959 960 -9999 -9999 -9999 -9999 -9999 -9999
1364 1359 1353 1348 1343 1338 1333 1328 1323 1319 1314 1309 1303 1297 1291 1284 1278 1273 1268 1264 1260 1256 1253 1248 1244 1238 1232 1226 1219 1212 1205 1198 1190 1182 1174 1165 1156 1147 1139 1131 1124 1118 1111 1105 1099 1093 1086 1080 1074 1069 1064 1060 1056 1052 1047 1041 1036 1028 1020 1012 1001 986 967 957 949 957 962 968 972 973 974 -9999 -9999 -9999 -9999 -9999 -9999
1363 1357 1352 1347 1342 1337 1332 1327 1323 1318 1312 1307 1301 1295 1288 1281 1274 1268 1263 1258 1254 1251 1247 1243 1239 1234 1229 1223 1216 1210 1203 1195 1188 1179 1170 1162 1153 1145 1137 1129 1122 1116 1109 1103 1096 1089 1083 1077 1071 1065 1060 1055 1050 1044 1038 1032 1026 1018 1008 1001 991 976 967 971 972 977 981 984 986 987 987 -9999 -9999 -9999 -9999 -9999 -9999
1362 1357 1352 1348 1343 1338 1333 1328 1323 1318 1312 1306 1300 1293 1285 1278 1271 1264 1259 1254 1249 1245 1242 1238 1234 1230 1225 1219 1213 1207 1199 1192 1184 1175 1166 1157 1149 1141 1133 1126 1119 1112 1105 1098 1091 1084 1078 1071 1065 1059 1053 1047 1040 1032 1025 1019 1012 1004 990 988 985 976 983 988 991 995 997 999 1000 1000 1000 -9999 -9999 -9999 -9999 -9999 -9999
1362 1358 1353 1349 1344 1339 1334 1329 1324 1318 1313 1306 1299 1291 1284 1276 1269 1262 1256 1251 1246 1241 1237 1233 1229 1225 1220 1215 1209 1203 1195 1188 1179 1170 1161 1152 1144 1136 1129 1122 1115 1108 1101 1094 1086 1079 1072 1065 1058 1051 1044 1036 1028 1015 1010 1004 999 993 990 998 1000 998 1001 1005 1008 1010 1012 1013 1013 1014 1014 -9999 -9999 -9999 -9999 -9999 -9999
1363 1358 1354 1350 1345 1340 1335 1330 1325 1319 1313 1306 1299 1291 1283 1276 1268 1262 1256 1250 1244 1239 1234 1229 1225 1220 1216 1211 1205 1198 1191 1183 1174 1165 1155 1146 1138 1130 1123 1117 1110 1103 1096 1089 1081 1074 1067 1059 1052 1044 1034 1023 1019 1015 1019 1018 1016 1014 1013 1015 1016 1016 1018 1020 1023 1025 1026 1026 1027 1028 1030 -9999 -9999 -9999 -9999 -9999 -9999
1363 1359 1355 1351 1346 1341 1336 1331 1325 1320 1314 1307 1299 1291 1284 1276 1270 1263 1257 1250 1244 1238 1232 1227 1222 1217 1212 1207 1200 1193 1186 1178 1169 1160 1150 1141 1132 1125 1118 1111 1105 1098 1091 1084 1077 1069 1062 1054 1046 1037 1026 1023 1028 1030 1032 1033 1032 1032 1031 1032 1032 1033 1034 1035 1037 1038 1039 1039 1041 1043 1046 -9999 -9999 -9999 -9999 -9999 -9999
1363 1359 1355 1351 1346 1340 1335 1330 1325 1319 1313 1306 1299 1291 1284 1278 1271 1265 1259 1252 1245 1238 1232 1226 1220 1215 1209 1203 1196 1189 1181 1172 1164 1154 1145 1136 1127 1119 1111 1105 1098 1092 1085 1078 1071 1064 1057 1049 1041 1032 1026 1033 1039 1043 1045 1047 1047 1047 1047 1047 1048 1048 1049 1050 1051 1051 1052 1053 1055 1058 1063 -9999 -9999 -9999 -9999 -9999 -9999
1362 1358 1354 1349 1344 1339 1334 1329 1323 1318 1312 1305 1298 1291 1285 1279 1273 1267 1260 1253 1246 1239 1232 1226 1220 1214 1208 1201 1193 1185 1176 1168 1159 1149 1140 1131 1122 1113 1105 1098 1092 1085 1079 1072 1064 1058 1051 1041 1037 1032 1038 1045 1051 1055 1058 1060 1061 1061 1062 1063 1063 1063 1064 1064 1065 1065 1066 1067 1069 1074 1080 -9999 -9999 -9999 -9999 -9999 -9999
1360 1356 1352 1347 1342 1337 1332 1326 1321 1315 1309 1303 1297 1291 1285 1280 1274 1268 1261 1254 1247 1239 1232 1225 1219 1213 1206 1198 1190 1181 1172 1163 1154 1145 1135 1126 1116 1107 1099 1092 1085 1078 1071 1064 1055 1050 1046 1041 1044 1045 1049 1055 1061 1066 1070 1073 1075 1076 1077 1078 1079 1079 1080 1080 1080 1081 1081 1082 1085 1089 1095 1103 -9999 -9999 -9999 -9999 -9999
1357 1354 1350 1345 1340 1334 1329 1324 1318 1313 1307 1301 1296 1290 1285 1280 1274 1268 1261 1254 1246 1238 1231 1225 1218 1212 1204 1196 1187 1178 1169 1160 1150 1140 1131 1121 1111 1102 1093 1086 1079 1072 1063 1059 1055 1056 1054 1053 1053 1054 1058 1064 1070 1076 1082 1086 1089 1091 1093 1094 1095 1095 1096 1096 1096 1096 1097 1098 1100 1104 1110 1117 1124 -9999 -9999 -9999 -9999
1354 1351 1347 1342 1337 1332 1326 1321 1315 1310 1304 1299 1294 1289 1284 1279 1274 1267 1259 1252 1244 1237 1230 1223 1217 1210 1202 1194 1185 1175 1166 1156 1146 1136 1126 1116 1106 1096 1088 1080 1075 1068 1063 1064 1063 1063 1062 1061 1061 1062 1065 1071 1078 1086 1092 1098 1102 1106 1109 1110 1111 1111 1112 1112 1112 1112 1112 1113 1115 1118 1124 1130 1137 -9999 -9999 -9999 -9999
1351 1348 1343 1338 1334 1329 1323 1318 1313 1307 1302 1297 1292 1288 1283 1278 1272 1265 1257 1249 1241 1234 1228 1222 1215 1208 1200 1191 1182 1173 1163 1153 1143 1133 1122 1111 1101 1091 1082 1074 1072 1068 1070 1071 1071 1071 1070 1069 1068 1069 1072 1077 1085 1093 1101 1108 1114 1119 1123 1125 1127 1127 1127 1127 1128 1128 1128 1129 1130 1133 1137 1144 1150 -9999 -9999 -9999 -9999
1349 1344 1339 1335 1330 1326 1321 1316 1311 1306 1300 1295 1290 1286 1281 1275 1269 1261 1253 1246 1238 1231 1225 1219 1213 1206 1198 1189 1180 1170 1160 1150 1140 1129 1118 1107 1096 1086 1076 1074 1077 1077 1078 1079 1079 1078 1077 1076 1074 1075 1077 1083 1091 1099 1108 1116 1124 1131 1136 1140 1142 1143 1143 1143 1144 1144 1144 1145 1146 1148 1152 1158 1164 -9999 -9999 -9999 -9999
1340 1340 1334 1330 1327 1323 1319 1314 1309 1304 1299 1293 1288 1283 1277 1272 1265 1257 1249 1242 1235 1228 1222 1217 1211 1204 1196 1187 1178 1168 1158 1147 1137 1126 1114 1103 1091 1081 1076 1082 1085 1086 1087 1087 1086 1085 1084 1082 1080 1080 1082 1088 1096 1104 1113 1123 1132 1141 1147 1152 1155 1157 1158 1159 1160 1161 1161 1162 1163 1165 1168 1173 1178 -9999 -9999 -9999 -9999
1336 1330 1328 1326 1323 1320 1317 1313 1308 1303 1297 1291 1285 1279 1273 1267 1260 1252 1245 1237 1230 1224 1219 1214 1208 1201 1194 1185 1175 1165 1155 1145 1134 1122 1110 1098 1085 1081 1086 1091 1093 1094 1095 1094 1093 1092 1090 1088 1085 1084 1087 1092 1100 1108 1118 1128 1138 1148 1156 1162 1167 1170 1173 1175 1176 1178 1178 1179 1180 1182 1185 1189 1193 -9999 -9999 -9999 -9999
1332 1324 1324 1321 1319 1317 1314 1311 1306 1300 1294 1287 1281 1274 1268 1261 1254 1247 1239 1232 1226 1220 1215 1210 1204 1198 1190 1182 1172 1162 1152 1142 1131 1119 1106 1092 1092 1094 1097 1100 1102 1102 1102 1102 1101 1099 1096 1093 1090 1089 1091 1096 1103 1111 1121 1131 1142 1153 1162 1170 1176 1181 1186 1189 1192 1194 1195 1197 1198 1200 1202 1205 1208 -9999 -9999 -9999 -9999
1330 1324 1321 1315 1314 1313 1310 1307 1303 1297 1290 1283 1275 1269 1262 1255 1248 1241 1234 1227 1221 1216 1211 1205 1200 1193 1186 1178 1169 1159 1149 1139 1128 1117 1104 1093 1101 1105 1108 1109 1110 1111 1110 1109 1108 1105 1102 1098 1095 1093 1094 1099 1106 1114 1123 1133 1144 1155 1165 1174 1182 1190 1196 1202 1206 1209 1212 1213 1215 1216 1218 1220 1222 -9999 -9999 -9999 -9999
1327 1322 1316 1309 1309 1308 1305 1302 1297 1291 1284 1277 1269 1262 1255 1248 1241 1234 1228 1222 1216 1211 1205 1200 1194 1188 1181 1174 1165 1156 1147 1137 1127 1115 1104 1108 1113 1116 1118 1119 1119 1119 1118 1117 1115 1112 1108 1103 1099 1097 1098 1102 1108 1115 1124 1134 1146 1157 1167 1177 1186 1195 1204 1211 1218 1223 1226 1228 1230 1231 1233 1234 1234 -9999 -9999 -9999 -9999
