data/PosinaDailyOneYear/18/sky_18_rid.asc
ncols        16
nrows        16
xllcorner    1677940.000000000000
yllcorner    5080420.000000000000
cellsize     20.000000000000
NODATA_value  -9999
 0.93374478816986083984 0.92052972316741943359 0.9116973876953125 0.907108306884765625 0.90326315164566040039 0.90913558006286621094 0.91374361515045166016 0.91328841447830200195 0.91853570938110351562 0.91993296146392822266 0.92367309331893920898 0.92480242252349853516 0.92518746852874755859 0.92610466480255126953 0.92808771133422851562 0.93014276027679443359
 0.93852818012237548828 0.92534554004669189453 0.9159386754035949707 0.91377556324005126953 0.90713685750961303711 0.91334253549575805664 0.91748559474945068359 0.91947579383850097656 0.92069280147552490234 0.9217160344123840332 0.92468351125717163086 0.92578321695327758789 0.92692071199417114258 0.92946988344192504883 0.9307911992073059082 0.93093508481979370117
 0.93845593929290771484 0.93293917179107666016 0.92669606208801269531 0.92000597715377807617 0.91540133953094482422 0.91723293066024780273 0.91585934162139892578 0.91855973005294799805 0.92142736911773681641 0.92246872186660766602 0.9251797795295715332 0.92654836177825927734 0.92714595794677734375 0.92902588844299316406 0.93277984857559204102 0.93226385116577148438
 0.9331963658332824707 0.93162012100219726562 0.92579573392868041992 0.91674852371215820312 0.91036772727966308594 0.91170382499694824219 0.91850173473358154297 0.91469460725784301758 0.91678708791732788086 0.92186707258224487305 0.9259268641471862793 0.92774111032485961914 0.92967504262924194336 0.93272435665130615234 0.93387186527252197266 0.9352028965950012207
 0.93753045797348022461 0.93912363052368164062 0.9321619868278503418 0.91326898336410522461 0.91569757461547851562 0.91863548755645751953 0.92188632488250732422 0.92390084266662597656 0.92465788125991821289 0.92385667562484741211 0.92716193199157714844 0.92836493253707885742 0.93111819028854370117 0.93364506959915161133 0.93537187576293945312 0.93635880947113037109
 0.91368371248245239258 0.93624418973922729492 0.92697119712829589844 0.88422876596450805664 0.91674262285232543945 0.92045670747756958008 0.91540002822875976562 0.91627019643783569336 0.91741830110549926758 0.92312407493591308594 0.92704468965530395508 0.92734551429748535156 0.93159788846969604492 0.93398314714431762695 0.93642377853393554688 0.93809914588928222656
 0.93861252069473266602 0.94361001253128051758 0.90799480676651000977 0.81337386369705200195 0.91028821468353271484 0.91961425542831420898 0.91867297887802124023 0.91827279329299926758 0.91713213920593261719 0.92253214120864868164 0.92772066593170166016 0.9285653233528137207 0.93139719963073730469 0.93447339534759521484 0.93665063381195068359 0.93877881765365600586
 0.94351571798324584961 0.93851387500762939453 0.90135294198989868164 0.8555285334587097168 0.91457819938659667969 0.91117948293685913086 0.91920816898345947266 0.89829927682876586914 0.89850556850433349609 0.91898024082183837891 0.92889964580535888672 0.91604006290435791016 0.92487317323684692383 0.93212932348251342773 0.93597441911697387695 0.93815851211547851562
 0.94046533107757568359 0.93027538061141967773 0.9114449620246887207 0.89873039722442626953 0.91316819190979003906 0.91749900579452514648 0.91115432977676391602 0.90702933073043823242 0.90908521413803100586 0.92052942514419555664 0.91919785737991333008 0.81947004795074462891 0.90322065353393554688 0.92989653348922729492 0.93510580062866210938 0.93632715940475463867
 0.94587558507919311523 0.93885648250579833984 0.93216454982757568359 0.92696106433868408203 0.9263585209846496582 0.92470324039459228516 0.92146831750869750977 0.92302346229553222656 0.92509680986404418945 0.92538499832153320312 0.91813683509826660156 0.90862768888473510742 0.91862815618515014648 0.92942726612091064453 0.93323534727096557617 0.93643820285797119141
 0.94560503959655761719 0.94072389602661132812 0.93379050493240356445 0.92994642257690429688 0.92613959312438964844 0.92322009801864624023 0.92181289196014404297 0.92446559667587280273 0.9261608123779296875 0.92209953069686889648 0.92379999160766601562 0.92329066991806030273 0.92561370134353637695 0.92470633983612060547 0.93405008316040039062 0.93528097867965698242
 0.94153690338134765625 0.93306726217269897461 0.91949212551116943359 0.91348433494567871094 0.90905606746673583984 0.90667784214019775391 0.9058011174201965332 0.90464341640472412109 0.91332423686981201172 0.91335630416870117188 0.90843248367309570312 0.91264563798904418945 0.92158186435699462891 0.92690396308898925781 0.92742800712585449219 0.93211209774017333984
 0.93850177526473999023 0.9290682673454284668 0.92503327131271362305 0.91795867681503295898 0.90763086080551147461 0.90810936689376831055 0.90932619571685791016 0.90895229578018188477 0.91435003280639648438 0.91452175378799438477 0.91660773754119873047 0.92620223760604858398 0.92884218692779541016 0.93043971061706542969 0.92734092473983764648 0.90811890363693237305
 0.93457204103469848633 0.92567282915115356445 0.91544455289840698242 0.90473222732543945312 0.89662712812423706055 0.89782619476318359375 0.89494544267654418945 0.90267544984817504883 0.89871537685394287109 0.90818142890930175781 0.91323268413543701172 0.91894179582595825195 0.92246609926223754883 0.92640882730484008789 0.92614012956619262695 0.91712129116058349609
 0.93054097890853881836 0.91884666681289672852 0.90967512130737304688 0.89752185344696044922 0.89443087577819824219 0.8903293609619140625 0.89523357152938842773 0.90305155515670776367 0.90045273303985595703 0.90928918123245239258 0.9091625213623046875 0.91534316539764404297 0.91949629783630371094 0.9211667180061340332 0.92247056961059570312 0.91768437623977661133
 0.92602545022964477539 0.91949284076690673828 0.90816146135330200195 0.89664107561111450195 0.89846312999725341797 0.89479970932006835938 0.90119880437850952148 0.90162181854248046875 0.90414881706237792969 0.90656828880310058594 0.91140562295913696289 0.91690337657928466797 0.91731345653533935547 0.92332446575164794922 0.92290222644805908203 0.92511123418807983398
