data/PosinaDailyOneYear/36/dem_36.asc
NCOLS 582
NROWS 339
XLLCORNER 1668940.0
YLLCORNER 5070820.0
CELLSIZE 20.0
NODATA_VALUE -9999
[rows 272 to 305 of 339, columns 462 to 538 of 582]
1235.0 1233.0 1226.0 1217.0 1207.0 1196.0 1183.0 1169.0 1153.0 1139.0 1128.0 1122.0 1120.0 1123.0 1130.0 1138.0 1147.0 1154.0 1159.0 1162.0 1163.0 1163.0 1163.0 1164.0 1167.0 1173.0 1181.0 1191.0 1202.0 1215.0 1228.0 1241.0 1254.0 1268.0 1281.0 1295.0 1309.0 1322.0 1334.0 1345.0 1356.0 1366.0 1377.0 1388.0 1400.0 1412.0 1424.0 1437.0 1450.0 1464.0 1478.0 1493.0 1507.0 1518.0 1523.0 -9999 -9999 -9999 -9999 -9999 -9999 -9999 -9999 -9999 -9999 -9999 -9999 -9999 -9999 -9999 -9999 -9999 -9999 -9999 -9999 -9999 -9999
1241.0 1239.0 1232.0 1224.0 1215.0 1206.0 1195.0 1182.0 1168.0 1153.0 1142.0 1135.0 1133.0 1134.0 1137.0 1143.0 1150.0 1158.0 1165.0 1171.0 1174.0 1176.0 1177.0 1178.0 1180.0 1184.0 1190.0 1198.0 1208.0 1218.0 1229.0 1242.0 1254.0 1267.0 1281.0 1295.0 1309.0 1322.0 1335.0 1346.0 1357.0 1368.0 1379.0 1390.0 1402.0 1414.0 1427.0 1440.0 1453.0 1467.0 1481.0 1495.0 1509.0 1519.0 1523.0 -9999 -9999 -9999 -9999 -9999 -9999 -9999 -9999 -9999 -9999 -9999 -9999 -9999 -9999 -9999 -9999 -9999 -9999 -9999 -9999 -9999 -9999
1247.0 1244.0 1238.0 1230.0 1223.0 1216.0 1207.0 1195.0 1181.0 1167.0 1157.0 1150.0 1147.0 1146.0 1148.0 1151.0 1156.0 1163.0 1171.0 1179.0 1185.0 1189.0 1191.0 1193.0 1195.0 1198.0 1203.0 1209.0 1216.0 1225.0 1234.0 1244.0 1255.0 1267.0 1280.0 1294.0 1308.0 1322.0 1335.0 1347.0 1358.0 1369.0 1380.0 1392.0 1404.0 1417.0 1429.0 1442.0 1456.0 1470.0 1484.0 1498.0 1511.0 1521.0 1524.0 -9999 -9999 -9999 -9999 -9999 -9999 -9999 -9999 -9999 -9999 -9999 -9999 -9999 -9999 -9999 -9999 -9999 -9999 -9999 -9999 -9999 -9999
1252.0 1249.0 1243.0 1237.0 1231.0 1225.0 1218.0 1207.0 1194.0 1182.0 1172.0 1166.0 1163.0 1161.0 1161.0 1161.0 1163.0 1168.0 1176.0 1185.0 1194.0 1201.0 1205.0 1208.0 1210.0 1213.0 1217.0 1222.0 1228.0 1234.0 1241.0 1249.0 1258.0 1268.0 1280.0 1293.0 1307.0 1321.0 1334.0 1347.0 1359.0 1370.0 1382.0 1394.0 1406.0 1419.0 1432.0 1445.0 1459.0 1473.0 1488.0 1502.0 1515.0 1523.0 -9999 -9999 -9999 -9999 -9999 -9999 -9999 -9999 -9999 -9999 -9999 -9999 -9999 -9999 -9999 -9999 -9999 -9999 -9999 -9999 -9999 -9999 -9999
1258.0 1254.0 1249.0 1244.0 1240.0 1235.0 1229.0 1219.0 1208.0 1196.0 1187.0 1182.0 1179.0 1177.0 1175.0 1173.0 1172.0 1175.0 1182.0 1191.0 1202.0 1211.0 1218.0 1223.0 1226.0 1229.0 1232.0 1236.0 1241.0 1247.0 1252.0 1257.0 1264.0 1272.0 1282.0 1293.0 1306.0 1321.0 1335.0 1348.0 1360.0 1372.0 1384.0 1397.0 1409.0 1422.0 1435.0 1449.0 1463.0 1478.0 1492.0 1507.0 1519.0 1527.0 -9999 -9999 -9999 -9999 -9999 -9999 -9999 -9999 -9999 -9999 -9999 -9999 -9999 -9999 -9999 -9999 -9999 -9999 -9999 -9999 -9999 -9999 -9999
1263.0 1260.0 1256.0 1252.0 1249.0 1246.0 1240.0 1232.0 1221.0 1211.0 1203.0 1198.0 1195.0 1193.0 1190.0 1186.0 1182.0 1182.0 1187.0 1197.0 1208.0 1219.0 1229.0 1236.0 1241.0 1244.0 1247.0 1251.0 1256.0 1261.0 1265.0 1269.0 1274.0 1279.0 1286.0 1296.0 1308.0 1321.0 1335.0 1349.0 1362.0 1374.0 1387.0 1399.0 1412.0 1425.0 1439.0 1452.0 1467.0 1482.0 1497.0 1512.0 1524.0 1532.0 -9999 -9999 -9999 -9999 -9999 -9999 -9999 -9999 -9999 -9999 -9999 -9999 -9999 -9999 -9999 -9999 -9999 -9999 -9999 -9999 -9999 -9999 -9999
1269.0 1267.0 1263.0 1261.0 1259.0 1257.0 1252.0 1245.0 1236.0 1226.0 1218.0 1214.0 1211.0 1208.0 1204.0 1199.0 1193.0 1191.0 1194.0 1202.0 1213.0 1226.0 1238.0 1248.0 1255.0 1259.0 1261.0 1265.0 1269.0 1275.0 1279.0 1283.0 1286.0 1290.0 1295.0 1302.0 1311.0 1324.0 1337.0 1350.0 1364.0 1376.0 1389.0 1402.0 1415.0 1428.0 1442.0 1456.0 1471.0 1486.0 1502.0 1517.0 1530.0 1538.0 -9999 -9999 -9999 -9999 -9999 -9999 -9999 -9999 -9999 -9999 -9999 -9999 -9999 -9999 -9999 -9999 -9999 -9999 -9999 -9999 -9999 -9999 -9999
1276.0 1274.0 1271.0 1270.0 1269.0 1268.0 1265.0 1258.0 1250.0 1241.0 1233.0 1229.0 1226.0 1223.0 1219.0 1213.0 1205.0 1201.0 1201.0 1208.0 1219.0 1232.0 1247.0 1259.0 1268.0 1273.0 1275.0 1278.0 1282.0 1288.0 1293.0 1297.0 1300.0 1302.0 1305.0 1310.0 1318.0 1328.0 1341.0 1353.0 1366.0 1379.0 1392.0 1405.0 1418.0 1431.0 1445.0 1459.0 1474.0 1490.0 1507.0 1523.0 1536.0 1544.0 -9999 -9999 -9999 -9999 -9999 -9999 -9999 -9999 -9999 -9999 -9999 -9999 -9999 -9999 -9999 -9999 -9999 -9999 -9999 -9999 -9999 -9999 -9999
1284.0 1282.0 1280.0 1279.0 1280.0 1280.0 1277.0 1272.0 1263.0 1255.0 1248.0 1244.0 1241.0 1239.0 1234.0 1227.0 1219.0 1212.0 1210.0 1215.0 1224.0 1238.0 1254.0 1269.0 1280.0 1286.0 1289.0 1291.0 1294.0 1299.0 1305.0 1310.0 1313.0 1315.0 1317.0 1321.0 1327.0 1335.0 1346.0 1357.0 1369.0 1382.0 1395.0 1407.0 1421.0 1434.0 1448.0 1462.0 1477.0 1493.0 1511.0 1527.0 1541.0 1550.0 -9999 -9999 -9999 -9999 -9999 -9999 -9999 -9999 -9999 -9999 -9999 -9999 -9999 -9999 -9999 -9999 -9999 -9999 -9999 -9999 -9999 -9999 -9999
1292.0 1290.0 1289.0 1289.0 1290.0 1291.0 1289.0 1284.0 1276.0 1268.0 1262.0 1259.0 1257.0 1255.0 1250.0 1243.0 1233.0 1225.0 1221.0 1223.0 1231.0 1244.0 1261.0 1277.0 1289.0 1297.0 1300.0 1302.0 1305.0 1310.0 1316.0 1322.0 1326.0 1328.0 1330.0 1333.0 1338.0 1344.0 1352.0 1362.0 1373.0 1385.0 1397.0 1410.0 1423.0 1436.0 1450.0 1465.0 1480.0 1496.0 1513.0 1530.0 1544.0 1553.0 -9999 -9999 -9999 -9999 -9999 -9999 -9999 -9999 -9999 -9999 -9999 -9999 -9999 -9999 -9999 -9999 -9999 -9999 -9999 -9999 -9999 -9999 -9999
1301.0 1299.0 1298.0 1299.0 1301.0 1302.0 1300.0 1295.0 1288.0 1281.0 1277.0 1274.0 1273.0 1271.0 1266.0 1258.0 1248.0 1238.0 1232.0 1232.0 1238.0 1250.0 1266.0 1283.0 1297.0 1306.0 1310.0 1313.0 1316.0 1320.0 1327.0 1333.0 1338.0 1341.0 1343.0 1345.0 1349.0 1354.0 1360.0 1367.0 1377.0 1388.0 1400.0 1413.0 1425.0 1439.0 1452.0 1467.0 1481.0 1497.0 1514.0 1530.0 1544.0 1553.0 1556.0 -9999 -9999 -9999 -9999 -9999 -9999 -9999 -9999 -9999 -9999 -9999 -9999 -9999 -9999 -9999 -9999 -9999 -9999 -9999 -9999 -9999 -9999
1311.0 1309.0 1308.0 1310.0 1312.0 1313.0 1311.0 1306.0 1300.0 1294.0 1291.0 1289.0 1288.0 1287.0 1282.0 1273.0 1262.0 1252.0 1244.0 1242.0 1246.0 1255.0 1270.0 1287.0 1302.0 1312.0 1318.0 1322.0 1325.0 1330.0 1337.0 1344.0 1350.0 1354.0 1356.0 1358.0 1361.0 1364.0 1369.0 1375.0 1383.0 1393.0 1405.0 1417.0 1429.0 1442.0 1455.0 1469.0 1483.0 1497.0 1513.0 1528.0 1541.0 1550.0 1554.0 -9999 -9999 -9999 -9999 -9999 -9999 -9999 -9999 -9999 -9999 -9999 -9999 -9999 -9999 -9999 -9999 -9999 -9999 -9999 -9999 -9999 -9999
1321.0 1319.0 1319.0 1321.0 1323.0 1323.0 1321.0 1317.0 1312.0 1307.0 1305.0 1304.0 1303.0 1301.0 1296.0 1287.0 1276.0 1265.0 1256.0 1253.0 1255.0 1263.0 1275.0 1291.0 1305.0 1317.0 1325.0 1330.0 1334.0 1340.0 1346.0 1354.0 1360.0 1365.0 1368.0 1370.0 1372.0 1375.0 1379.0 1384.0 1391.0 1400.0 1411.0 1423.0 1434.0 1446.0 1459.0 1472.0 1485.0 1498.0 1512.0 1526.0 1538.0 1548.0 1553.0 -9999 -9999 -9999 -9999 -9999 -9999 -9999 -9999 -9999 -9999 -9999 -9999 -9999 -9999 -9999 -9999 -9999 -9999 -9999 -9999 -9999 -9999
1331.0 1329.0 1330.0 1332.0 1334.0 1334.0 1332.0 1328.0 1324.0 1321.0 1319.0 1318.0 1317.0 1315.0 1309.0 1300.0 1288.0 1277.0 1269.0 1265.0 1266.0 1272.0 1282.0 1295.0 1309.0 1321.0 1330.0 1338.0 1344.0 1349.0 1356.0 1363.0 1370.0 1376.0 1380.0 1382.0 1384.0 1387.0 1390.0 1394.0 1400.0 1409.0 1419.0 1430.0 1441.0 1453.0 1465.0 1477.0 1490.0 1502.0 1514.0 1527.0 1538.0 1547.0 1553.0 -9999 -9999 -9999 -9999 -9999 -9999 -9999 -9999 -9999 -9999 -9999 -9999 -9999 -9999 -9999 -9999 -9999 -9999 -9999 -9999 -9999 -9999
1341.0 1340.0 1341.0 1343.0 1344.0 1345.0 1343.0 1341.0 1338.0 1336.0 1334.0 1333.0 1331.0 1328.0 1321.0 1311.0 1300.0 1290.0 1282.0 1278.0 1279.0 1284.0 1291.0 1301.0 1312.0 1324.0 1335.0 1344.0 1353.0 1359.0 1366.0 1372.0 1379.0 1386.0 1391.0 1394.0 1396.0 1398.0 1401.0 1405.0 1411.0 1419.0 1428.0 1439.0 1450.0 1461.0 1473.0 1485.0 1497.0 1509.0 1520.0 1531.0 1541.0 1549.0 1554.0 -9999 -9999 -9999 -9999 -9999 -9999 -9999 -9999 -9999 -9999 -9999 -9999 -9999 -9999 -9999 -9999 -9999 -9999 -9999 -9999 -9999 -9999
1351.0 1350.0 1351.0 1354.0 1355.0 1356.0 1356.0 1354.0 1353.0 1351.0 1350.0 1348.0 1345.0 1340.0 1332.0 1322.0 1311.0 1301.0 1294.0 1292.0 1293.0 1296.0 1301.0 1308.0 1317.0 1327.0 1339.0 1351.0 1361.0 1369.0 1375.0 1381.0 1388.0 1395.0 1401.0 1405.0 1408.0 1411.0 1413.0 1417.0 1422.0 1430.0 1439.0 1449.0 1459.0 1471.0 1483.0 1495.0 1507.0 1519.0 1529.0 1539.0 1547.0 1554.0 1557.0 -9999 -9999 -9999 -9999 -9999 -9999 -9999 -9999 -9999 -9999 -9999 -9999 -9999 -9999 -9999 -9999 -9999 -9999 -9999 -9999 -9999 -9999
1360.0 1360.0 1362.0 1364.0 1366.0 1368.0 1368.0 1369.0 1368.0 1368.0 1366.0 1363.0 1359.0 1352.0 1343.0 1332.0 1322.0 1312.0 1306.0 1303.0 1304.0 1307.0 1311.0 1315.0 1321.0 1331.0 1343.0 1356.0 1368.0 1377.0 1384.0 1390.0 1397.0 1404.0 1410.0 1416.0 1420.0 1423.0 1426.0 1430.0 1435.0 1441.0 1450.0 1459.0 1469.0 1481.0 1493.0 1506.0 1518.0 1530.0 1540.0 1548.0 1554.0 1558.0 1560.0 -9999 -9999 -9999 -9999 -9999 -9999 -9999 -9999 -9999 -9999 -9999 -9999 -9999 -9999 -9999 -9999 -9999 -9999 -9999 -9999 -9999 -9999
1369.0 1369.0 1371.0 1374.0 1376.0 1379.0 1381.0 1383.0 1384.0 1384.0 1382.0 1378.0 1372.0 1364.0 1354.0 1342.0 1331.0 1322.0 1316.0 1314.0 1314.0 1316.0 1319.0 1322.0 1327.0 1335.0 1347.0 1360.0 1373.0 1384.0 1392.0 1399.0 1405.0 1412.0 1420.0 1426.0 1432.0 1436.0 1440.0 1443.0 1448.0 1454.0 1461.0 1470.0 1480.0 1491.0 1504.0 1518.0 1530.0 1542.0 1551.0 1557.0 1561.0 1563.0 1562.0 -9999 -9999 -9999 -9999 -9999 -9999 -9999 -9999 -9999 -9999 -9999 -9999 -9999 -9999 -9999 -9999 -9999 -9999 -9999 -9999 -9999 -9999
1376.0 1377.0 1379.0 1382.0 1386.0 1390.0 1394.0 1397.0 1399.0 1399.0 1397.0 1392.0 1385.0 1376.0 1364.0 1352.0 1341.0 1332.0 1326.0 1323.0 1322.0 1324.0 1326.0 1329.0 1333.0 1340.0 1350.0 1364.0 1377.0 1389.0 1398.0 1406.0 1413.0 1421.0 1429.0 1437.0 1444.0 1449.0 1453.0 1457.0 1461.0 1466.0 1473.0 1482.0 1492.0 1503.0 1516.0 1529.0 1542.0 1554.0 1561.0 1566.0 1567.0 1566.0 -9999 -9999 -9999 -9999 -9999 -9999 -9999 -9999 -9999 -9999 -9999 -9999 -9999 -9999 -9999 -9999 -9999 -9999 -9999 -9999 -9999 -9999 -9999
1384.0 1385.0 1387.0 1391.0 1395.0 1401.0 1406.0 1410.0 1413.0 1413.0 1411.0 1406.0 1398.0 1388.0 1376.0 1363.0 1352.0 1343.0 1336.0 1332.0 1331.0 1331.0 1333.0 1335.0 1339.0 1345.0 1355.0 1367.0 1380.0 1392.0 1403.0 1412.0 1420.0 1429.0 1438.0 1448.0 1456.0 1463.0 1468.0 1471.0 1475.0 1480.0 1486.0 1494.0 1503.0 1514.0 1527.0 1541.0 1553.0 1564.0 1571.0 1573.0 1572.0 -9999 -9999 -9999 -9999 -9999 -9999 -9999 -9999 -9999 -9999 -9999 -9999 -9999 -9999 -9999 -9999 -9999 -9999 -9999 -9999 -9999 -9999 -9999 -9999
1391.0 1392.0 1394.0 1399.0 1405.0 1411.0 1418.0 1423.0 1426.0 1427.0 1425.0 1419.0 1411.0 1400.0 1387.0 1374.0 1362.0 1353.0 1346.0 1341.0 1339.0 1339.0 1340.0 1342.0 1346.0 1351.0 1359.0 1369.0 1381.0 1394.0 1405.0 1415.0 1425.0 1435.0 1446.0 1457.0 1467.0 1476.0 1482.0 1486.0 1490.0 1494.0 1499.0 1506.0 1515.0 1526.0 1538.0 1551.0 1563.0 1572.0 1578.0 1579.0 -9999 -9999 -9999 -9999 -9999 -9999 -9999 -9999 -9999 -9999 -9999 -9999 -9999 -9999 -9999 -9999 -9999 -9999 -9999 -9999 -9999 -9999 -9999 -9999 -9999
1399.0 1399.0 1402.0 1407.0 1414.0 1422.0 1429.0 1436.0 1439.0 1441.0 1438.0 1432.0 1423.0 1411.0 1398.0 1384.0 1373.0 1363.0 1356.0 1351.0 1348.0 1347.0 1348.0 1350.0 1352.0 1357.0 1363.0 1371.0 1382.0 1394.0 1405.0 1416.0 1427.0 1439.0 1451.0 1464.0 1476.0 1487.0 1495.0 1500.0 1504.0 1508.0 1512.0 1519.0 1527.0 1537.0 1548.0 1560.0 1571.0 1579.0 1584.0 1584.0 -9999 -9999 -9999 -9999 -9999 -9999 -9999 -9999 -9999 -9999 -9999 -9999 -9999 -9999 -9999 -9999 -9999 -9999 -9999 -9999 -9999 -9999 -9999 -9999 -9999
1408.0 1408.0 1410.0 1416.0 1423.0 1432.0 1441.0 1448.0 1452.0 1454.0 1451.0 1444.0 1434.0 1421.0 1408.0 1395.0 1383.0 1373.0 1366.0 1360.0 1357.0 1356.0 1356.0 1357.0 1359.0 1363.0 1367.0 1374.0 1383.0 1393.0 1404.0 1416.0 1428.0 1441.0 1454.0 1469.0 1483.0 1496.0 1506.0 1514.0 1518.0 1522.0 1526.0 1532.0 1539.0 1548.0 1558.0 1569.0 1578.0 1585.0 1589.0 -9999 -9999 -9999 -9999 -9999 -9999 -9999 -9999 -9999 -9999 -9999 -9999 -9999 -9999 -9999 -9999 -9999 -9999 -9999 -9999 -9999 -9999 -9999 -9999 -9999 -9999
1417.0 1416.0 1418.0 1424.0 1432.0 1442.0 1451.0 1459.0 1464.0 1466.0 1463.0 1455.0 1444.0 1431.0 1417.0 1404.0 1393.0 1383.0 1376.0 1371.0 1367.0 1366.0 1365.0 1365.0 1367.0 1369.0 1372.0 1378.0 1385.0 1394.0 1405.0 1416.0 1428.0 1442.0 1457.0 1472.0 1488.0 1503.0 1516.0 1526.0 1532.0 1536.0 1540.0 1545.0 1552.0 1560.0 1569.0 1578.0 1586.0 1591.0 1594.0 -9999 -9999 -9999 -9999 -9999 -9999 -9999 -9999 -9999 -9999 -9999 -9999 -9999 -9999 -9999 -9999 -9999 -9999 -9999 -9999 -9999 -9999 -9999 -9999 -9999 -9999
1426.0 1424.0 1426.0 1432.0 1440.0 1451.0 1461.0 1470.0 1475.0 1477.0 1473.0 1465.0 1453.0 1440.0 1427.0 1414.0 1403.0 1394.0 1386.0 1381.0 1378.0 1376.0 1375.0 1374.0 1374.0 1376.0 1378.0 1383.0 1389.0 1397.0 1406.0 1417.0 1430.0 1444.0 1459.0 1475.0 1492.0 1509.0 1525.0 1537.0 1545.0 1550.0 1554.0 1558.0 1564.0 1571.0 1579.0 1587.0 1594.0 1598.0 1600.0 -9999 -9999 -9999 -9999 -9999 -9999 -9999 -9999 -9999 -9999 -9999 -9999 -9999 -9999 -9999 -9999 -9999 -9999 -9999 -9999 -9999 -9999 -9999 -9999 -9999 -9999
1434.0 1432.0 1434.0 1440.0 1448.0 1459.0 1470.0 1479.0 1485.0 1487.0 1482.0 1474.0 1462.0 1449.0 1436.0 1424.0 1413.0 1404.0 1397.0 1392.0 1389.0 1387.0 1385.0 1384.0 1383.0 1384.0 1386.0 1389.0 1394.0 1401.0 1410.0 1420.0 1433.0 1447.0 1462.0 1478.0 1496.0 1515.0 1532.0 1546.0 1557.0 1563.0 1568.0 1572.0 1577.0 1584.0 1590.0 1597.0 1602.0 1605.0 -9999 -9999 -9999 -9999 -9999 -9999 -9999 -9999 -9999 -9999 -9999 -9999 -9999 -9999 -9999 -9999 -9999 -9999 -9999 -9999 -9999 -9999 -9999 -9999 -9999 -9999 -9999
1443.0 1440.0 1442.0 1447.0 1456.0 1467.0 1479.0 1489.0 1495.0 1496.0 1492.0 1483.0 1471.0 1459.0 1446.0 1435.0 1424.0 1415.0 1408.0 1403.0 1400.0 1398.0 1396.0 1394.0 1393.0 1393.0 1394.0 1396.0 1400.0 1407.0 1415.0 1425.0 1437.0 1451.0 1466.0 1482.0 1500.0 1520.0 1539.0 1555.0 1567.0 1575.0 1581.0 1586.0 1591.0 1596.0 1602.0 1607.0 1611.0 1612.0 -9999 -9999 -9999 -9999 -9999 -9999 -9999 -9999 -9999 -9999 -9999 -9999 -9999 -9999 -9999 -9999 -9999 -9999 -9999 -9999 -9999 -9999 -9999 -9999 -9999 -9999 -9999
1451.0 1449.0 1450.0 1455.0 1464.0 1476.0 1488.0 1498.0 1505.0 1506.0 1501.0 1492.0 1480.0 1469.0 1457.0 1446.0 1435.0 1426.0 1420.0 1415.0 1412.0 1410.0 1408.0 1406.0 1404.0 1404.0 1404.0 1406.0 1409.0 1414.0 1421.0 1431.0 1442.0 1456.0 1471.0 1487.0 1505.0 1525.0 1544.0 1561.0 1575.0 1586.0 1593.0 1599.0 1604.0 1608.0 1613.0 1616.0 1619.0 1619.0 -9999 -9999 -9999 -9999 -9999 -9999 -9999 -9999 -9999 -9999 -9999 -9999 -9999 -9999 -9999 -9999 -9999 -9999 -9999 -9999 -9999 -9999 -9999 -9999 -9999 -9999 -9999
1459.0 1457.0 1458.0 1464.0 1473.0 1485.0 1497.0 1508.0 1515.0 1516.0 1511.0 1502.0 1491.0 1479.0 1468.0 1458.0 1447.0 1439.0 1432.0 1428.0 1425.0 1422.0 1420.0 1418.0 1417.0 1416.0 1416.0 1417.0 1420.0 1424.0 1430.0 1438.0 1449.0 1462.0 1477.0 1493.0 1510.0 1530.0 1549.0 1567.0 1582.0 1593.0 1602.0 1609.0 1614.0 1619.0 1622.0 1625.0 1626.0 1625.0 -9999 -9999 -9999 -9999 -9999 -9999 -9999 -9999 -9999 -9999 -9999 -9999 -9999 -9999 -9999 -9999 -9999 -9999 -9999 -9999 -9999 -9999 -9999 -9999 -9999 -9999 -9999
1468.0 1466.0 1468.0 1473.0 1483.0 1495.0 1507.0 1518.0 1525.0 1526.0 1521.0 1512.0 1501.0 1491.0 1480.0 1470.0 1460.0 1452.0 1446.0 1442.0 1439.0 1436.0 1434.0 1432.0 1430.0 1430.0 1429.0 1430.0 1432.0 1435.0 1440.0 1447.0 1457.0 1469.0 1483.0 1499.0 1516.0 1535.0 1554.0 1571.0 1586.0 1598.0 1608.0 1615.0 1621.0 1626.0 1629.0 1631.0 1631.0 -9999 -9999 -9999 -9999 -9999 -9999 -9999 -9999 -9999 -9999 -9999 -9999 -9999 -9999 -9999 -9999 -9999 -9999 -9999 -9999 -9999 -9999 -9999 -9999 -9999 -9999 -9999 -9999
1477.0 1475.0 1477.0 1483.0 1493.0 1505.0 1517.0 1528.0 1534.0 1536.0 1531.0 1523.0 1513.0 1503.0 1493.0 1483.0 1474.0 1467.0 1461.0 1458.0 1454.0 1452.0 1449.0 1447.0 1445.0 1445.0 1445.0 1445.0 1447.0 1449.0 1452.0 1458.0 1466.0 1477.0 1490.0 1505.0 1522.0 1539.0 1558.0 1574.0 1588.0 1600.0 1610.0 1618.0 1624.0 1629.0 -9999 -9999 -9999 -9999 -9999 -9999 -9999 -9999 -9999 -9999 -9999 -9999 -9999 -9999 -9999 -9999 -9999 -9999 -9999 -9999 -9999 -9999 -9999 -9999 -9999 -9999 -9999 -9999 -9999 -9999 -9999
1488.0 1486.0 1488.0 1494.0 1503.0 1515.0 1527.0 1537.0 1544.0 1545.0 1542.0 1534.0 1525.0 1516.0 1506.0 1496.0 1488.0 1481.0 1477.0 1473.0 1470.0 1467.0 1464.0 1462.0 1461.0 1461.0 1461.0 1462.0 1462.0 1463.0 1466.0 1469.0 1476.0 1485.0 1497.0 1510.0 1526.0 1543.0 1560.0 1575.0 1589.0 1600.0 1609.0 1617.0 1624.0 -9999 -9999 -9999 -9999 -9999 -9999 -9999 -9999 -9999 -9999 -9999 -9999 -9999 -9999 -9999 -9999 -9999 -9999 -9999 -9999 -9999 -9999 -9999 -9999 -9999 -9999 -9999 -9999 -9999 -9999 -9999 -9999
1500.0 1498.0 1500.0 1505.0 1514.0 1525.0 1537.0 1547.0 1554.0 1555.0 1553.0 1546.0 1538.0 1529.0 1519.0 1510.0 1501.0 1495.0 1491.0 1488.0 1485.0 1482.0 1480.0 1478.0 1477.0 1477.0 1478.0 1478.0 1479.0 1479.0 1480.0 1482.0 1487.0 1494.0 1504.0 1515.0 1529.0 1544.0 1560.0 1574.0 1587.0 1598.0 1607.0 1615.0 1621.0 -9999 -9999 -9999 -9999 -9999 -9999 -9999 -9999 -9999 -9999 -9999 -9999 -9999 -9999 -9999 -9999 -9999 -9999 -9999 -9999 -9999 -9999 -9999 -9999 -9999 -9999 -9999 -9999 -9999 -9999 -9999 -9999
1515.0 1513.0 1514.0 1518.0 1526.0 1536.0 1546.0 1556.0 1563.0 1566.0 1564.0 1558.0 1551.0 1542.0 1532.0 1523.0 1515.0 1509.0 1505.0 1503.0 1500.0 1497.0 1495.0 1494.0 1493.0 1493.0 1494.0 1495.0 1495.0 1495.0 1495.0 1496.0 1498.0 1503.0 1511.0 1520.0 1532.0 1545.0 1559.0 1572.0 1584.0 1595.0 1604.0 1611.0 1617.0 -9999 -9999 -9999 -9999 -9999 -9999 -9999 -9999 -9999 -9999 -9999 -9999 -9999 -9999 -9999 -9999 -9999 -9999 -9999 -9999 -9999 -9999 -9999 -9999 -9999 -9999 -9999 -9999 -9999 -9999 -9999 -9999
