data/PosinaDailyOneYear/20/dem_20.asc
ncols        675
nrows        650
xllcorner    1669000.000000000000
yllcorner    5070800.000000000000
cellsize     20.000000000000
NODATA_value  -9999
[rows 175 to 209 of 650, columns 390 to 467 of 675]
-9999 -9999 -9999 1680 1677 1674 1669 1663 1655 1646 1634 1621 1607 1591 1575 1572 1579 1586 1592 1596 1597 1596 1594 1592 1592 1593 1594 1595 1596 1595 1593 1590 -9999 -9999 -9999 -9999 -9999 -9999 -9999 -9999 -9999 -9999 -9999 -9999 -9999 -9999 -9999 -9999 -9999 -9999 -9999 -9999 -9999 -9999 -9999 -9999 -9999 -9999 -9999 -9999 -9999 -9999 -9999 -9999 -9999 -9999 -9999 -9999 -9999 -9999 -9999 -9999 -9999 -9999 -9999 -9999 -9999 -9999
-9999 -9999 -9999 -9999 1676 1673 1669 1663 1655 1644 1631 1616 1598 1575 1539 1539 1557 1568 1577 1582 1585 1584 1582 1581 1580 1581 1583 1585 1587 1588 1587 1586 1583 1581 -9999 -9999 -9999 -9999 -9999 -9999 -9999 -9999 -9999 -9999 -9999 -9999 -9999 -9999 -9999 -9999 -9999 -9999 -9999 -9999 -9999 -9999 -9999 -9999 -9999 -9999 -9999 -9999 -9999 -9999 -9999 -9999 -9999 -9999 -9999 -9999 -9999 -9999 -9999 -9999 -9999 -9999 -9999 -9999
-9999 -9999 -9999 -9999 -9999 1672 1669 1663 1655 1643 1629 1611 1592 1569 1543 1525 1539 1549 1557 1563 1567 1567 1566 1564 1564 1565 1567 1570 1573 1575 1577 1578 1578 1577 1575 -9999 -9999 -9999 -9999 -9999 -9999 -9999 -9999 -9999 -9999 -9999 -9999 -9999 -9999 -9999 -9999 -9999 -9999 -9999 -9999 -9999 -9999 -9999 -9999 -9999 -9999 -9999 -9999 -9999 -9999 -9999 -9999 -9999 -9999 -9999 -9999 -9999 -9999 -9999 -9999 -9999 -9999 -9999
-9999 -9999 -9999 -9999 -9999 -9999 1667 1663 1655 1643 1628 1609 1588 1565 1541 1518 1523 1529 1535 1541 1545 1547 1546 1546 1545 1546 1547 1550 1554 1559 1563 1567 1571 1573 1571 1569 -9999 -9999 -9999 -9999 -9999 -9999 -9999 -9999 -9999 -9999 -9999 -9999 -9999 -9999 -9999 -9999 -9999 -9999 -9999 -9999 -9999 -9999 -9999 -9999 -9999 -9999 -9999 -9999 -9999 -9999 -9999 -9999 -9999 -9999 -9999 -9999 -9999 -9999 -9999 -9999 -9999 -9999
-9999 -9999 -9999 -9999 -9999 -9999 1666 1662 1655 1644 1628 1608 1586 1561 1536 1506 1506 1508 1513 1518 1522 1525 1526 1526 1526 1526 1527 1529 1533 1539 1544 1555 1563 1567 1567 1566 1563 1561 -9999 -9999 -9999 -9999 -9999 -9999 -9999 -9999 -9999 -9999 -9999 -9999 -9999 -9999 -9999 -9999 -9999 -9999 -9999 -9999 -9999 -9999 -9999 -9999 -9999 -9999 -9999 -9999 -9999 -9999 -9999 -9999 -9999 -9999 -9999 -9999 -9999 -9999 -9999 -9999
-9999 -9999 -9999 -9999 -9999 -9999 -9999 1660 1654 1644 1629 1608 1584 1560 1536 1513 1495 1485 1491 1496 1501 1504 1506 1507 1507 1507 1507 1507 1507 1518 1518 1541 1555 1561 1562 1561 1560 1558 1556 -9999 -9999 -9999 -9999 -9999 -9999 -9999 -9999 -9999 -9999 -9999 -9999 -9999 -9999 -9999 -9999 -9999 -9999 -9999 -9999 -9999 -9999 -9999 -9999 -9999 -9999 -9999 -9999 -9999 -9999 -9999 -9999 -9999 -9999 -9999 -9999 -9999 -9999 -9999
-9999 -9999 -9999 -9999 -9999 -9999 -9999 1658 1653 1643 1628 1608 1584 1559 1537 1516 1499 1485 1471 1476 1481 1484 1486 1488 1489 1489 1488 1485 1472 1495 1514 1535 1548 1554 1555 1554 1555 1555 1554 1553 -9999 -9999 -9999 -9999 -9999 -9999 -9999 -9999 -9999 -9999 -9999 -9999 -9999 -9999 -9999 -9999 -9999 -9999 -9999 -9999 -9999 -9999 -9999 -9999 -9999 -9999 -9999 -9999 -9999 -9999 -9999 -9999 -9999 -9999 -9999 -9999 -9999 -9999
-9999 -9999 -9999 -9999 -9999 -9999 -9999 1654 1650 1641 1626 1606 1582 1559 1537 1517 1500 1484 1471 1458 1463 1465 1467 1469 1470 1471 1471 1472 1472 1489 1508 1526 1538 1543 1544 1545 1547 1549 1550 1551 1551 -9999 -9999 -9999 -9999 -9999 -9999 -9999 -9999 -9999 -9999 -9999 -9999 -9999 -9999 -9999 -9999 -9999 -9999 -9999 -9999 -9999 -9999 -9999 -9999 -9999 -9999 -9999 -9999 -9999 -9999 -9999 -9999 -9999 -9999 -9999 -9999 -9999
-9999 -9999 -9999 -9999 -9999 -9999 -9999 1648 1645 1637 1623 1604 1580 1557 1536 1516 1499 1483 1466 1447 1447 1445 1447 1450 1452 1453 1453 1450 1463 1480 1497 1512 1521 1526 1529 1531 1536 1540 1544 1547 1549 1550 -9999 -9999 -9999 -9999 -9999 -9999 -9999 -9999 -9999 -9999 -9999 -9999 -9999 -9999 -9999 -9999 -9999 -9999 -9999 -9999 -9999 -9999 -9999 -9999 -9999 -9999 -9999 -9999 -9999 -9999 -9999 -9999 -9999 -9999 -9999 -9999
-9999 -9999 -9999 -9999 -9999 -9999 -9999 -9999 1639 1632 1618 1599 1577 1555 1534 1515 1498 1481 1464 1444 1421 1421 1428 1431 1434 1437 1439 1440 1452 1466 1479 1491 1499 1505 1510 1515 1521 1528 1535 1540 1545 1548 1549 -9999 -9999 -9999 -9999 -9999 -9999 -9999 -9999 -9999 -9999 -9999 -9999 -9999 -9999 -9999 -9999 -9999 -9999 -9999 -9999 -9999 -9999 -9999 -9999 -9999 -9999 -9999 -9999 -9999 -9999 -9999 -9999 -9999 -9999 -9999
-9999 -9999 -9999 -9999 -9999 -9999 -9999 -9999 1632 1625 1612 1594 1573 1552 1532 1513 1496 1480 1463 1444 1424 1405 1410 1414 1418 1421 1425 1425 1437 1449 1459 1466 1471 1480 1488 1495 1504 1513 1521 1530 1538 1544 1546 1546 1542 1537 1529 1520 1511 1501 1491 1482 1476 -9999 -9999 -9999 -9999 -9999 -9999 -9999 -9999 -9999 -9999 -9999 -9999 -9999 -9999 -9999 -9999 -9999 -9999 -9999 -9999 -9999 -9999 -9999 -9999 -9999
-9999 -9999 -9999 -9999 -9999 -9999 -9999 -9999 1624 1617 1605 1588 1568 1548 1529 1511 1495 1479 1463 1444 1421 1392 1392 1399 1402 1405 1406 1413 1422 1431 1438 1440 1434 1454 1466 1475 1484 1494 1504 1515 1526 1535 1541 1543 1541 1537 1530 1522 1512 1500 1488 1478 1473 1470 1467 -9999 -9999 -9999 -9999 -9999 -9999 -9999 -9999 -9999 -9999 -9999 -9999 -9999 -9999 -9999 -9999 -9999 -9999 -9999 -9999 -9999 -9999 -9999
-9999 -9999 -9999 -9999 -9999 -9999 -9999 -9999 1614 1609 1597 1581 1562 1543 1525 1508 1493 1477 1462 1444 1423 1400 1383 1386 1388 1390 1391 1399 1408 1415 1420 1422 1422 1435 1445 1454 1463 1473 1485 1497 1510 1523 1532 1537 1538 1536 1530 1521 1510 1497 1481 1468 1464 1464 1463 1460 1456 1450 1443 1435 -9999 -9999 -9999 -9999 -9999 -9999 -9999 -9999 -9999 -9999 -9999 -9999 -9999 -9999 -9999 -9999 -9999 -9999
-9999 -9999 -9999 -9999 -9999 -9999 -9999 -9999 -9999 1599 1589 1574 1557 1538 1521 1505 1490 1475 1460 1443 1423 1400 1375 1375 1376 1376 1376 1385 1393 1399 1404 1407 1410 1417 1425 1433 1442 1451 1463 1475 1490 1505 1519 1527 1531 1531 1526 1518 1506 1489 1468 1444 1449 1454 1456 1454 1451 1445 1438 1431 1423 1417 -9999 -9999 -9999 -9999 -9999 -9999 -9999 -9999 -9999 -9999 -9999 -9999 -9999 -9999 -9999 -9999
-9999 -9999 -9999 -9999 -9999 -9999 -9999 -9999 -9999 1589 1580 1567 1550 1533 1517 1501 1486 1472 1457 1440 1421 1400 1378 1362 1363 1363 1363 1372 1379 1385 1389 1391 1391 1399 1405 1412 1419 1428 1439 1452 1467 1484 1500 1512 1519 1521 1518 1510 1497 1478 1451 1418 1432 1442 1445 1445 1441 1436 1430 1423 1416 1411 1406 -9999 -9999 -9999 -9999 -9999 -9999 -9999 -9999 -9999 -9999 -9999 -9999 -9999 -9999 -9999
-9999 -9999 -9999 -9999 -9999 -9999 -9999 -9999 -9999 1580 1572 1560 1544 1528 1511 1496 1481 1467 1452 1436 1418 1397 1375 1350 1350 1352 1352 1360 1366 1371 1374 1376 1378 1382 1387 1391 1396 1402 1414 1427 1443 1459 1476 1491 1500 1505 1504 1497 1484 1462 1433 1404 1417 1428 1432 1431 1428 1423 1416 1410 1405 1402 1399 1396 -9999 -9999 -9999 -9999 -9999 -9999 -9999 -9999 -9999 -9999 -9999 -9999 -9999 -9999
-9999 -9999 -9999 -9999 -9999 -9999 -9999 -9999 -9999 1571 1564 1553 1539 1522 1506 1491 1476 1461 1446 1430 1413 1393 1373 1353 1339 1341 1343 1348 1353 1358 1361 1362 1364 1366 1369 1371 1372 1372 1391 1404 1418 1434 1450 1466 1478 1485 1487 1481 1466 1440 1408 1390 1402 1413 1417 1416 1412 1406 1400 1394 1391 1390 1389 1389 1388 1385 -9999 -9999 -9999 -9999 -9999 -9999 -9999 -9999 -9999 -9999 -9999 -9999
-9999 -9999 -9999 -9999 -9999 -9999 -9999 -9999 -9999 1563 1557 1547 1533 1517 1501 1485 1470 1455 1440 1424 1407 1388 1369 1349 1327 1327 1330 1335 1339 1344 1350 1350 1350 1351 1352 1353 1355 1363 1374 1384 1396 1410 1425 1441 1455 1465 1469 1463 1445 1412 1363 1363 1384 1397 1401 1400 1395 1389 1383 1378 1376 1376 1377 1379 1381 1381 1380 -9999 -9999 -9999 -9999 -9999 -9999 -9999 -9999 -9999 -9999 -9999
-9999 -9999 -9999 -9999 -9999 -9999 -9999 -9999 -9999 -9999 1551 1541 1528 1512 1496 1480 1465 1450 1434 1417 1400 1383 1365 1347 1329 1315 1317 1321 1324 1326 1323 1331 1333 1334 1335 1337 1340 1350 1359 1368 1378 1390 1403 1417 1432 1445 1450 1443 1424 1391 1349 1357 1372 1382 1386 1385 1380 1373 1367 1362 1360 1361 1364 1368 1372 1375 1376 1375 -9999 -9999 -9999 -9999 -9999 -9999 -9999 -9999 -9999 -9999
-9999 -9999 -9999 -9999 -9999 -9999 -9999 -9999 -9999 -9999 1544 1536 1523 1507 1491 1476 1460 1445 1429 1411 1394 1376 1360 1343 1325 1306 1301 1306 1310 1312 1313 1316 1317 1317 1316 1318 1331 1338 1346 1355 1363 1372 1383 1396 1411 1423 1428 1421 1401 1370 1335 1346 1358 1368 1372 1371 1366 1359 1353 1348 1346 1348 1352 1357 1363 1367 1370 1371 1371 -9999 -9999 -9999 -9999 -9999 -9999 -9999 -9999 -9999
-9999 -9999 -9999 -9999 -9999 -9999 -9999 -9999 -9999 -9999 1538 1530 1518 1503 1488 1472 1457 1442 1425 1407 1388 1371 1354 1338 1321 1304 1290 1293 1296 1300 1303 1302 1301 1299 1294 1302 1315 1325 1334 1342 1349 1357 1365 1376 1388 1398 1402 1394 1374 1347 1318 1331 1344 1354 1359 1358 1353 1346 1339 1334 1333 1335 1339 1346 1352 1357 1362 1366 1368 1369 -9999 -9999 -9999 -9999 -9999 -9999 -9999 -9999
-9999 -9999 -9999 -9999 -9999 -9999 -9999 -9999 -9999 -9999 1532 1526 1515 1501 1486 1470 1455 1439 1422 1403 1384 1366 1349 1333 1316 1298 1280 1280 1282 1287 1293 1286 1283 1283 1283 1293 1304 1314 1322 1330 1337 1342 1348 1356 1365 1372 1373 1364 1346 1322 1294 1313 1329 1340 1345 1345 1340 1333 1326 1321 1320 1322 1327 1334 1341 1347 1354 1360 1365 1368 -9999 -9999 -9999 -9999 -9999 -9999 -9999 -9999
-9999 -9999 -9999 -9999 -9999 -9999 -9999 -9999 -9999 -9999 1527 1523 1513 1499 1484 1468 1452 1436 1418 1399 1380 1362 1344 1327 1310 1293 1275 1258 1266 1271 1273 1267 1262 1265 1271 1282 1293 1303 1312 1319 1325 1329 1333 1337 1343 1347 1345 1335 1319 1298 1271 1296 1314 1325 1331 1331 1327 1320 1314 1309 1307 1310 1315 1322 1330 1338 1346 1355 1362 1368 -9999 -9999 -9999 -9999 -9999 -9999 -9999 -9999
-9999 -9999 -9999 -9999 -9999 -9999 -9999 -9999 -9999 -9999 1523 1519 1509 1496 1481 1465 1448 1432 1414 1395 1376 1358 1340 1322 1304 1287 1269 1251 1254 1254 1249 1235 1233 1233 1255 1270 1283 1293 1302 1308 1313 1316 1318 1320 1323 1323 1319 1309 1295 1280 1272 1286 1300 1311 1317 1317 1313 1307 1301 1296 1295 1297 1304 1312 1321 1331 1341 1351 1360 1367 1370 -9999 -9999 -9999 -9999 -9999 -9999 -9999
-9999 -9999 -9999 -9999 -9999 -9999 -9999 -9999 -9999 -9999 1519 1515 1505 1492 1477 1460 1443 1426 1409 1391 1372 1354 1335 1317 1298 1280 1261 1245 1242 1239 1231 1216 1212 1227 1246 1261 1274 1284 1292 1298 1301 1303 1303 1304 1304 1302 1296 1285 1270 1252 1252 1272 1287 1297 1302 1302 1299 1294 1288 1283 1283 1286 1293 1303 1314 1325 1337 1348 1358 1366 1371 -9999 -9999 -9999 -9999 -9999 -9999 -9999
-9999 -9999 -9999 -9999 -9999 -9999 -9999 -9999 -9999 -9999 1514 1510 1501 1488 1472 1455 1438 1421 1404 1386 1369 1350 1331 1312 1293 1273 1251 1226 1228 1224 1215 1201 1199 1218 1237 1254 1267 1276 1283 1287 1289 1289 1288 1287 1286 1283 1274 1261 1244 1232 1245 1261 1274 1283 1288 1288 1285 1280 1274 1271 1271 1275 1284 1295 1308 1321 1334 1346 1357 1365 1371 1373 -9999 -9999 -9999 -9999 -9999 -9999
-9999 -9999 -9999 -9999 -9999 -9999 -9999 -9999 -9999 -9999 1510 1506 1496 1483 1468 1451 1434 1417 1400 1383 1366 1348 1329 1308 1288 1266 1243 1216 1216 1210 1200 1189 1186 1208 1229 1246 1259 1269 1274 1277 1277 1275 1273 1271 1269 1264 1254 1237 1212 1212 1233 1250 1263 1271 1274 1274 1271 1266 1261 1259 1260 1266 1276 1289 1303 1317 1331 1343 1355 1364 1370 1374 -9999 -9999 -9999 -9999 -9999 -9999
-9999 -9999 -9999 -9999 -9999 -9999 -9999 -9999 -9999 -9999 1506 1502 1493 1480 1465 1449 1432 1415 1399 1382 1366 1348 1328 1306 1284 1262 1237 1207 1207 1192 1181 1166 1166 1197 1220 1238 1251 1260 1264 1265 1264 1261 1258 1255 1252 1246 1235 1217 1191 1206 1224 1240 1251 1259 1263 1262 1258 1253 1248 1247 1250 1257 1269 1283 1298 1313 1327 1340 1351 1362 1369 1374 -9999 -9999 -9999 -9999 -9999 -9999
-9999 -9999 -9999 -9999 -9999 -9999 -9999 -9999 -9999 -9999 -9999 1499 1491 1480 1466 1450 1433 1417 1400 1384 1368 1350 1329 1306 1282 1259 1234 1207 1187 1169 1160 1145 1165 1190 1212 1228 1241 1249 1253 1254 1251 1247 1243 1240 1236 1230 1219 1202 1179 1197 1215 1230 1241 1249 1252 1251 1246 1241 1236 1236 1241 1250 1262 1277 1293 1309 1322 1335 1347 1358 1368 1374 1377 -9999 -9999 -9999 -9999 -9999
-9999 -9999 -9999 -9999 -9999 -9999 -9999 -9999 -9999 -9999 -9999 1497 1491 1481 1468 1453 1436 1419 1403 1387 1370 1352 1330 1306 1281 1257 1231 1202 1165 1133 1139 1136 1159 1182 1201 1216 1228 1236 1240 1241 1239 1234 1230 1225 1221 1215 1204 1188 1168 1187 1205 1221 1232 1240 1242 1241 1236 1230 1226 1226 1232 1242 1256 1272 1289 1304 1317 1330 1342 1354 1364 1372 1377 -9999 -9999 -9999 -9999 -9999
-9999 -9999 -9999 -9999 -9999 -9999 -9999 -9999 -9999 -9999 -9999 1495 1490 1482 1470 1456 1439 1422 1405 1388 1372 1353 1330 1305 1281 1257 1232 1203 1170 1133 1124 1127 1148 1169 1188 1202 1213 1221 1225 1227 1226 1222 1217 1212 1207 1200 1189 1173 1156 1175 1195 1212 1224 1232 1234 1231 1226 1219 1215 1216 1223 1235 1250 1267 1283 1298 1311 1323 1335 1348 1360 1369 1376 1379 -9999 -9999 -9999 -9999
-9999 -9999 -9999 -9999 -9999 -9999 -9999 -9999 -9999 -9999 1491 1491 1488 1481 1471 1457 1441 1423 1405 1388 1370 1351 1329 1305 1281 1258 1234 1207 1178 1148 1124 1115 1134 1154 1172 1187 1197 1205 1211 1214 1214 1211 1205 1198 1191 1183 1170 1154 1137 1162 1185 1203 1216 1224 1225 1222 1215 1209 1205 1207 1214 1227 1244 1261 1277 1291 1304 1316 1328 1341 1354 1366 1374 1379 -9999 -9999 -9999 -9999
-9999 -9999 -9999 -9999 -9999 -9999 -9999 -9999 -9999 -9999 1486 1486 1483 1478 1469 1457 1441 1422 1404 1385 1367 1347 1326 1303 1281 1259 1236 1211 1184 1155 1128 1102 1117 1136 1154 1170 1182 1190 1197 1201 1203 1200 1194 1186 1175 1163 1148 1130 1117 1148 1174 1195 1209 1216 1216 1211 1204 1197 1194 1196 1205 1218 1235 1252 1268 1283 1295 1308 1321 1335 1349 1362 1373 1379 1381 -9999 -9999 -9999
-9999 -9999 -9999 -9999 -9999 -9999 -9999 -9999 -9999 1480 1481 1479 1477 1472 1465 1454 1439 1421 1401 1382 1363 1343 1322 1301 1279 1259 1237 1212 1185 1157 1128 1093 1093 1112 1133 1152 1166 1176 1185 1191 1194 1192 1185 1174 1160 1141 1124 1097 1097 1135 1164 1186 1200 1207 1206 1199 1191 1185 1182 1185 1194 1207 1224 1241 1257 1272 1286 1300 1314 1330 1345 1359 1371 1378 1381 -9999 -9999 -9999
-9999 -9999 -9999 -9999 -9999 -9999 -9999 -9999 -9999 1475 1475 1473 1470 1466 1459 1449 1436 1419 1400 1380 1360 1339 1318 1296 1275 1255 1234 1209 1182 1155 1128 1102 1085 1085 1110 1132 1149 1163 1174 1182 1186 1185 1177 1164 1148 1128 1106 1077 1097 1127 1155 1177 1191 1197 1194 1186 1177 1171 1169 1173 1182 1196 1212 1229 1245 1261 1277 1293 1310 1326 1342 1357 1369 1377 1380 -9999 -9999 -9999
