data/PosinaDailyOneYear/20/dem_20.asc
ncols        675
nrows        650
xllcorner    1669000.000000000000
yllcorner    5070800.000000000000
cellsize     20.000000000000
NODATA_value  -9999
[rows 245 to 279 of 650, columns 390 to 467 of 675]
-9999 -9999 -9999 -9999 1212 1208 1202 1196 1191 1185 1174 1153 1119 1071 1071 1122 1162 1192 1214 1227 1233 1232 1226 1216 1206 1198 1193 1192 1194 1196 1196 1191 1176 1152 1122 1088 1056 1027 1000 974 948 925 903 881 857 834 809 781 760 778 795 802 805 820 840 863 882 899 915 930 943 953 960 964 964 963 962 960 958 953 945 935 926 919 919 934 949 965
-9999 -9999 -9999 -9999 1212 1204 1194 1185 1179 1172 1161 1141 1111 1077 1057 1100 1141 1175 1199 1215 1222 1222 1216 1206 1195 1185 1179 1179 1183 1188 1191 1189 1177 1155 1125 1092 1060 1030 1002 976 952 930 908 885 862 838 813 784 754 768 790 790 805 823 844 863 879 895 909 923 935 944 950 953 953 951 948 946 942 937 929 919 911 911 917 930 946 961
-9999 -9999 -9999 1219 1213 1202 1188 1175 1165 1155 1143 1123 1097 1066 1036 1077 1118 1155 1182 1200 1208 1208 1202 1192 1180 1168 1159 1163 1170 1177 1183 1183 1173 1153 1125 1093 1061 1031 1003 978 955 933 911 888 864 840 815 785 749 749 767 785 804 824 843 861 875 889 902 914 926 934 940 943 942 939 935 931 927 920 911 899 888 888 909 926 941 957
-9999 -9999 -9999 1223 1216 1201 1183 1165 1152 1138 1122 1101 1079 1049 1014 1047 1091 1131 1162 1182 1191 1191 1185 1176 1164 1149 1125 1145 1156 1165 1172 1173 1165 1147 1121 1091 1060 1030 1003 978 956 934 912 889 865 841 817 790 763 743 757 777 799 820 839 855 869 882 894 905 916 925 931 933 931 926 921 916 911 903 893 878 878 890 906 921 937 952
-9999 -9999 -9999 1228 1218 1201 1179 1154 1140 1124 1101 1074 1064 1036 1004 1004 1058 1104 1140 1162 1173 1173 1167 1157 1148 1138 1130 1136 1144 1153 1159 1161 1155 1139 1115 1086 1056 1028 1001 977 955 934 913 889 865 842 818 794 768 738 738 765 790 812 831 847 860 873 884 896 907 916 921 923 920 914 908 902 895 887 876 867 877 889 903 917 932 947
-9999 -9999 -9999 1233 1222 1203 1175 1133 1131 1115 1084 1074 1060 1039 1017 994 1029 1075 1115 1142 1154 1154 1147 1135 1129 1125 1122 1125 1132 1141 1147 1150 1144 1130 1107 1080 1050 1022 996 973 953 932 911 889 866 843 820 798 774 751 734 752 777 800 820 836 850 862 874 887 898 907 913 913 909 902 895 887 879 870 857 857 872 886 899 913 927 941
-9999 -9999 -9999 1239 1228 1209 1184 1156 1139 1121 1100 1083 1065 1042 1015 983 983 1041 1088 1119 1134 1135 1125 1105 1109 1109 1108 1113 1120 1129 1135 1138 1134 1121 1099 1072 1043 1014 988 967 947 928 908 887 865 844 822 802 780 757 729 729 761 787 807 824 839 852 865 878 891 900 904 903 897 889 881 872 863 854 847 856 869 882 895 908 921 935
-9999 -9999 -9999 1246 1235 1217 1194 1169 1148 1129 1111 1093 1071 1046 1018 991 972 1011 1059 1096 1114 1116 1106 1092 1091 1090 1088 1097 1107 1116 1123 1127 1124 1112 1092 1065 1034 1004 974 957 939 922 903 883 864 844 824 805 786 764 741 724 749 773 794 812 827 842 857 872 884 893 896 893 886 876 866 856 846 837 837 851 864 877 890 902 915 927
-9999 -9999 -9999 1252 1242 1224 1201 1176 1154 1136 1119 1101 1078 1051 1021 992 963 963 1027 1071 1093 1096 1085 1062 1068 1067 1056 1078 1093 1103 1111 1115 1114 1105 1086 1060 1028 994 950 945 930 913 894 876 858 841 824 807 789 768 745 719 736 759 780 799 816 833 850 866 879 887 888 884 874 863 851 840 827 827 836 847 858 870 883 895 908 920
-9999 -9999 -9999 1256 1247 1229 1205 1180 1158 1140 1125 1107 1085 1056 1026 996 970 953 1004 1046 1070 1075 1066 1047 1049 1047 1044 1064 1080 1091 1098 1102 1103 1097 1081 1057 1027 995 964 944 924 903 880 863 848 833 819 804 788 769 745 714 714 744 767 787 807 826 845 861 873 880 879 873 862 849 836 826 818 824 832 842 853 864 876 889 901 913
-9999 -9999 -9999 1257 1248 1231 1207 1181 1158 1141 1128 1112 1090 1062 1031 1000 971 945 978 1018 1044 1052 1047 1033 1032 1027 1027 1051 1068 1079 1085 1088 1090 1087 1076 1056 1028 998 969 944 920 894 858 845 831 820 808 795 782 766 745 724 709 735 757 778 799 819 839 855 866 870 868 860 847 833 820 809 809 819 828 837 848 859 871 883 894 906
-9999 -9999 -9999 1255 1247 1230 1205 1179 1156 1140 1128 1115 1096 1069 1038 1006 973 937 937 986 1016 1028 1025 1019 1015 1010 1023 1041 1057 1066 1071 1073 1075 1075 1068 1052 1029 1001 973 947 921 892 858 825 808 804 793 780 770 758 741 723 706 729 750 771 792 813 832 847 855 857 853 843 829 815 801 801 809 816 825 835 845 856 867 879 890 901
-9999 -9999 -9999 -9999 1242 1226 1203 1176 1153 1136 1126 1116 1100 1077 1047 1014 981 949 928 965 992 1003 1001 1001 1000 995 1013 1031 1045 1053 1056 1057 1059 1060 1057 1047 1028 1004 977 950 923 895 866 836 808 792 775 758 755 746 732 715 703 725 746 766 787 807 824 836 842 841 835 823 807 793 793 800 807 815 824 834 844 855 866 877 888 898
-9999 -9999 -9999 -9999 1233 1219 1198 1172 1148 1131 1121 1114 1103 1083 1055 1022 987 951 916 946 969 980 982 985 986 981 1001 1019 1033 1040 1041 1041 1041 1044 1045 1039 1025 1004 979 952 925 898 870 844 820 800 780 758 742 734 720 700 700 722 743 763 783 801 816 825 828 824 815 801 782 782 790 798 806 814 824 834 845 856 867 878 887 896
-9999 -9999 -9999 1220 1219 1209 1190 1166 1142 1124 1114 1108 1100 1084 1059 1026 989 948 903 929 949 959 962 970 972 967 987 1007 1020 1026 1026 1023 1024 1028 1031 1030 1019 1001 977 951 924 897 870 846 824 805 785 764 742 725 713 697 707 723 741 760 779 796 808 814 813 807 797 783 771 778 787 795 804 814 825 836 847 859 870 880 888 896
-9999 -9999 1192 1200 1201 1194 1179 1157 1134 1115 1103 1098 1092 1079 1057 1026 988 944 894 914 930 942 942 954 957 950 972 993 1006 1012 1010 1006 1006 1010 1016 1018 1011 994 972 945 918 891 866 843 823 805 787 767 746 725 708 695 707 722 739 758 776 791 800 803 800 792 780 764 764 774 783 793 803 814 825 837 849 861 872 882 889 895
-9999 1162 1171 1178 1180 1175 1163 1144 1123 1103 1089 1083 1078 1068 1049 1020 983 938 885 897 913 922 931 941 941 932 956 978 991 996 994 989 988 993 1000 1004 999 984 962 936 909 884 859 837 818 801 785 767 748 728 708 692 706 721 738 756 774 787 793 793 787 779 770 759 764 771 780 790 801 813 825 838 850 862 873 882 889 893
1140 1142 1150 1156 1156 1151 1142 1127 1108 1088 1074 1066 1061 1053 1036 1010 975 932 877 877 900 900 918 928 926 915 940 961 975 980 977 971 970 975 984 988 985 971 950 925 900 875 851 829 810 795 780 764 747 727 708 690 704 719 737 755 770 781 785 782 776 768 762 759 761 768 776 787 798 811 825 838 851 863 873 882 887 890
1132 1113 1132 1136 1132 1124 1115 1104 1089 1071 1056 1047 1041 1034 1020 997 967 930 892 868 877 892 909 916 913 901 925 945 957 962 958 953 952 957 966 972 969 957 937 914 890 866 843 821 802 787 773 759 743 725 705 685 701 718 736 753 766 774 776 772 765 758 754 754 757 764 773 784 796 810 823 837 850 862 872 879 884 886
1137 1131 1130 1123 1110 1092 1081 1076 1066 1052 1038 1028 1021 1014 1002 983 957 925 892 862 867 884 899 905 900 888 909 927 938 942 939 934 933 939 947 954 953 942 924 902 880 858 835 813 794 778 765 752 738 721 701 679 699 718 735 750 761 766 766 761 754 749 746 748 752 760 770 781 794 808 822 836 849 860 869 875 879 879
1142 1139 1131 1118 1094 1047 1036 1045 1040 1030 1018 1009 1002 995 984 968 945 918 888 856 856 874 888 893 887 875 893 909 919 921 918 913 913 919 927 934 934 925 909 889 868 848 826 805 786 770 756 744 731 715 697 675 697 718 735 748 756 758 755 749 744 740 739 742 748 757 767 780 793 808 822 835 847 857 864 869 871 871
-9999 1143 1135 1121 1098 1066 1036 1025 1015 1004 997 990 983 976 967 953 934 910 885 861 849 864 876 880 874 861 877 891 899 900 896 892 892 897 904 911 911 904 889 871 853 835 816 797 778 762 748 735 723 709 692 674 697 718 735 746 750 749 745 739 734 731 732 737 744 754 766 779 793 808 821 834 844 853 859 862 862 861
-9999 1145 1139 1126 1106 1080 1053 1025 986 973 975 972 965 959 950 938 922 901 879 855 830 849 862 865 858 844 859 872 879 879 875 871 870 873 879 884 884 877 865 849 834 820 805 788 771 754 740 727 714 701 686 672 696 718 734 743 744 741 735 729 725 724 727 733 741 752 765 779 794 808 821 832 841 848 851 853 852 849
-9999 -9999 1142 1132 1115 1093 1067 1038 1006 973 960 957 948 942 934 924 909 892 872 849 824 835 846 849 842 826 841 853 858 858 854 849 847 848 851 853 852 847 836 824 813 803 791 778 762 746 732 718 705 691 676 669 694 717 732 739 738 733 726 720 718 718 722 729 739 752 765 780 794 808 820 830 837 841 843 843 840 837
-9999 -9999 1144 1138 1124 1104 1080 1053 1024 992 960 947 929 925 918 910 897 882 865 844 818 818 829 832 825 809 824 834 838 837 833 829 826 824 823 822 820 815 808 799 792 785 776 766 753 738 724 711 697 680 656 666 692 714 728 733 731 724 718 713 712 714 719 727 738 751 765 780 794 807 818 826 832 834 833 831 828 824
-9999 -9999 -9999 1142 1130 1113 1092 1067 1040 1011 982 958 929 911 901 897 885 873 859 842 824 809 816 819 813 802 809 817 819 818 814 810 806 802 799 796 792 788 782 777 771 766 760 752 741 729 717 704 690 673 653 670 692 711 723 726 723 716 710 706 706 709 716 726 738 751 765 779 793 805 814 821 824 824 822 818 815 811
-9999 -9999 -9999 1142 1134 1119 1100 1078 1054 1027 999 972 945 922 901 891 872 863 854 839 824 808 805 808 803 794 794 801 803 801 797 792 788 783 779 775 771 766 762 757 753 748 743 736 727 718 708 697 684 668 648 669 689 706 716 718 714 707 702 700 701 706 714 724 737 750 764 777 789 800 808 812 813 812 808 804 800 796
-9999 -9999 -9999 -9999 1134 1122 1105 1086 1063 1039 1012 985 958 933 912 895 878 863 854 839 827 815 805 802 794 790 787 790 790 786 782 777 772 767 762 757 753 749 745 740 736 731 726 720 713 705 697 688 677 663 646 666 685 700 708 709 704 699 695 694 697 702 711 723 735 748 761 773 784 793 798 801 800 797 793 788 784 780
-9999 -9999 -9999 -9999 1129 1120 1107 1090 1069 1047 1021 995 968 943 921 902 885 870 857 843 831 820 811 803 794 786 781 782 779 772 768 764 758 751 747 742 738 734 730 725 720 715 710 704 697 691 685 678 669 658 645 663 680 693 699 699 695 691 688 688 692 699 709 720 733 745 756 767 775 782 786 787 785 782 777 773 768 764
-9999 -9999 -9999 -9999 -9999 1115 1104 1090 1072 1051 1028 1003 977 952 930 910 892 876 861 848 835 824 815 807 799 790 781 777 772 755 755 754 744 734 732 728 724 721 716 711 706 701 695 689 681 676 671 667 661 653 644 660 674 685 690 689 686 682 681 683 687 695 705 717 728 740 749 758 764 769 772 772 770 766 762 757 753 749
-9999 -9999 -9999 -9999 -9999 1108 1100 1088 1072 1054 1033 1011 987 964 941 920 901 883 867 853 840 829 820 811 803 795 788 781 775 766 761 755 746 734 721 712 712 708 703 698 693 687 682 675 663 660 655 656 653 647 642 655 667 676 679 679 676 674 674 677 682 690 700 711 722 732 741 747 752 756 757 757 755 751 747 742 738 734
-9999 -9999 -9999 -9999 -9999 1103 1096 1086 1073 1057 1039 1020 999 977 955 932 911 892 874 859 846 835 825 816 808 800 792 786 779 773 767 760 751 740 727 712 703 697 691 685 679 673 670 666 663 660 655 650 645 640 638 649 659 665 668 668 666 666 667 670 676 684 694 704 714 723 730 735 739 741 742 741 739 735 732 728 724 721
-9999 -9999 -9999 -9999 -9999 1100 1095 1086 1075 1063 1048 1032 1013 992 969 945 922 900 882 866 853 841 831 821 812 804 797 790 784 779 773 766 757 747 735 724 714 707 700 693 687 681 676 672 667 663 657 651 643 631 633 642 650 654 657 657 657 657 659 664 670 678 687 696 704 712 718 722 725 726 726 725 722 719 716 713 710 707
-9999 -9999 -9999 -9999 -9999 -9999 1095 1089 1081 1071 1058 1044 1027 1006 983 957 932 909 890 874 860 848 837 826 817 808 801 795 789 784 778 771 763 753 743 733 724 715 708 701 694 687 682 676 671 665 659 652 643 630 627 635 640 643 644 646 647 649 652 657 663 671 678 686 693 699 704 707 709 709 709 708 706 703 701 698 696 695
-9999 -9999 -9999 -9999 -9999 -9999 1095 1091 1086 1078 1067 1054 1037 1017 993 967 941 918 898 881 867 854 843 831 821 812 805 798 792 787 781 774 766 757 748 739 730 722 714 706 699 692 686 680 674 668 662 654 646 635 627 629 630 630 631 634 637 640 644 649 655 662 669 675 680 685 688 690 691 692 691 690 689 688 686 684 683 682
