data/PosinaDailyOneYear/31/dem_31.asc
NCOLS 582
NROWS 339
XLLCORNER 1668940.0
YLLCORNER 5070820.0
CELLSIZE 20.0
NODATA_VALUE -9999
[rows 136 to 169 of 339, columns 385 to 461 of 582]
-9999 -9999 -9999 -9999 -9999 -9999 -9999 -9999 -9999 -9999 -9999 -9999 -9999 -9999 -9999 -9999 -9999 -9999 -9999 -9999 -9999 -9999 -9999 -9999 -9999 -9999 -9999 -9999 -9999 -9999 -9999 -9999 -9999 -9999 -9999 -9999 -9999 -9999 945.0 943.0 942.0 943.0 945.0 948.0 951.0 955.0 959.0 962.0 961.0 954.0 938.0 914.0 884.0 851.0 816.0 784.0 757.0 736.0 721.0 709.0 696.0 681.0 666.0 650.0 636.0 623.0 -9999 -9999 -9999 -9999 -9999 -9999 -9999 -9999 -9999 -9999 -9999
-9999 -9999 -9999 -9999 -9999 -9999 -9999 -9999 -9999 -9999 -9999 -9999 -9999 -9999 -9999 -9999 -9999 -9999 -9999 -9999 -9999 -9999 -9999 -9999 -9999 -9999 -9999 -9999 -9999 -9999 -9999 -9999 -9999 -9999 -9999 -9999 -9999 945.0 943.0 940.0 937.0 935.0 935.0 937.0 939.0 942.0 947.0 950.0 952.0 946.0 932.0 910.0 880.0 844.0 807.0 771.0 742.0 721.0 706.0 695.0 684.0 670.0 655.0 640.0 626.0 614.0 604.0 -9999 -9999 -9999 -9999 -9999 -9999 -9999 -9999 -9999 -9999
-9999 -9999 -9999 -9999 -9999 -9999 -9999 -9999 -9999 -9999 -9999 -9999 -9999 -9999 -9999 -9999 -9999 -9999 -9999 -9999 -9999 -9999 -9999 -9999 -9999 -9999 -9999 -9999 -9999 -9999 -9999 -9999 -9999 -9999 -9999 -9999 945.0 943.0 938.0 933.0 928.0 925.0 924.0 924.0 927.0 930.0 934.0 939.0 941.0 938.0 926.0 904.0 875.0 838.0 798.0 759.0 728.0 705.0 691.0 680.0 669.0 657.0 643.0 629.0 615.0 604.0 594.0 586.0 -9999 -9999 -9999 -9999 -9999 -9999 -9999 -9999 -9999
-9999 -9999 -9999 -9999 -9999 -9999 -9999 -9999 -9999 -9999 -9999 -9999 -9999 -9999 -9999 -9999 -9999 -9999 -9999 -9999 -9999 -9999 -9999 -9999 -9999 -9999 -9999 -9999 -9999 -9999 -9999 -9999 -9999 -9999 -9999 -9999 943.0 939.0 932.0 924.0 917.0 913.0 911.0 912.0 915.0 918.0 923.0 927.0 930.0 929.0 918.0 899.0 869.0 832.0 790.0 749.0 715.0 692.0 676.0 665.0 654.0 643.0 630.0 617.0 605.0 594.0 585.0 577.0 570.0 -9999 -9999 -9999 -9999 -9999 -9999 -9999 -9999
-9999 -9999 -9999 -9999 -9999 -9999 -9999 -9999 -9999 -9999 -9999 -9999 -9999 -9999 -9999 -9999 -9999 -9999 -9999 -9999 -9999 -9999 -9999 -9999 -9999 -9999 -9999 -9999 -9999 -9999 -9999 -9999 -9999 -9999 -9999 -9999 940.0 934.0 924.0 914.0 906.0 900.0 898.0 899.0 903.0 908.0 912.0 915.0 919.0 918.0 910.0 892.0 863.0 826.0 783.0 741.0 706.0 681.0 663.0 651.0 640.0 629.0 617.0 605.0 594.0 584.0 576.0 568.0 561.0 555.0 -9999 -9999 -9999 -9999 -9999 -9999 -9999
-9999 -9999 -9999 -9999 -9999 -9999 -9999 -9999 -9999 -9999 -9999 -9999 -9999 -9999 -9999 -9999 -9999 -9999 -9999 -9999 -9999 -9999 -9999 -9999 -9999 -9999 -9999 -9999 -9999 -9999 -9999 -9999 -9999 -9999 -9999 941.0 937.0 928.0 916.0 904.0 894.0 887.0 884.0 887.0 893.0 898.0 901.0 903.0 905.0 906.0 900.0 884.0 857.0 820.0 778.0 736.0 700.0 673.0 653.0 639.0 627.0 616.0 604.0 594.0 584.0 575.0 567.0 559.0 553.0 546.0 540.0 -9999 -9999 -9999 -9999 -9999 -9999
-9999 -9999 -9999 -9999 -9999 -9999 -9999 -9999 -9999 -9999 -9999 -9999 -9999 -9999 -9999 -9999 -9999 -9999 -9999 -9999 -9999 -9999 -9999 -9999 -9999 -9999 -9999 -9999 -9999 -9999 -9999 -9999 -9999 -9999 -9999 939.0 933.0 922.0 908.0 894.0 882.0 873.0 870.0 875.0 882.0 887.0 887.0 886.0 889.0 892.0 889.0 875.0 850.0 815.0 774.0 733.0 697.0 669.0 647.0 630.0 616.0 604.0 593.0 583.0 574.0 565.0 558.0 551.0 544.0 538.0 532.0 527.0 -9999 -9999 -9999 -9999 -9999
-9999 -9999 -9999 -9999 -9999 -9999 -9999 -9999 -9999 -9999 -9999 -9999 -9999 -9999 -9999 -9999 -9999 -9999 -9999 -9999 -9999 -9999 -9999 -9999 -9999 -9999 -9999 -9999 -9999 -9999 -9999 -9999 -9999 -9999 939.0 936.0 928.0 915.0 900.0 885.0 870.0 859.0 851.0 861.0 870.0 874.0 870.0 860.0 868.0 876.0 876.0 865.0 842.0 809.0 770.0 730.0 695.0 666.0 642.0 623.0 608.0 595.0 584.0 574.0 565.0 557.0 549.0 542.0 536.0 530.0 524.0 519.0 513.0 -9999 -9999 -9999 -9999
-9999 -9999 -9999 -9999 -9999 -9999 -9999 -9999 -9999 -9999 -9999 -9999 -9999 -9999 -9999 -9999 -9999 -9999 -9999 -9999 -9999 -9999 -9999 -9999 -9999 -9999 -9999 -9999 -9999 -9999 -9999 -9999 -9999 -9999 938.0 933.0 923.0 909.0 892.0 876.0 860.0 844.0 819.0 845.0 858.0 860.0 847.0 810.0 844.0 859.0 863.0 855.0 834.0 802.0 765.0 728.0 694.0 664.0 639.0 618.0 601.0 588.0 576.0 566.0 557.0 549.0 542.0 535.0 528.0 522.0 516.0 511.0 506.0 500.0 -9999 -9999 -9999
-9999 -9999 -9999 -9999 -9999 -9999 -9999 -9999 -9999 -9999 -9999 -9999 -9999 -9999 -9999 -9999 -9999 -9999 -9999 -9999 -9999 -9999 -9999 -9999 -9999 -9999 -9999 -9999 -9999 -9999 -9999 -9999 -9999 -9999 937.0 930.0 919.0 903.0 887.0 870.0 855.0 841.0 833.0 840.0 848.0 849.0 841.0 829.0 837.0 847.0 852.0 846.0 826.0 796.0 760.0 724.0 691.0 661.0 635.0 613.0 596.0 582.0 570.0 560.0 551.0 542.0 535.0 527.0 520.0 514.0 508.0 503.0 498.0 493.0 487.0 -9999 -9999
-9999 -9999 -9999 -9999 -9999 -9999 -9999 -9999 -9999 -9999 -9999 -9999 -9999 -9999 -9999 -9999 -9999 -9999 -9999 -9999 -9999 -9999 -9999 -9999 -9999 -9999 -9999 -9999 -9999 -9999 -9999 -9999 -9999 -9999 936.0 928.0 916.0 900.0 883.0 866.0 851.0 839.0 832.0 834.0 839.0 839.0 833.0 825.0 825.0 834.0 841.0 837.0 820.0 791.0 756.0 720.0 687.0 657.0 631.0 609.0 591.0 576.0 564.0 554.0 545.0 536.0 528.0 520.0 513.0 507.0 501.0 495.0 490.0 485.0 480.0 474.0 -9999
-9999 -9999 -9999 -9999 -9999 -9999 -9999 -9999 -9999 -9999 -9999 -9999 -9999 -9999 -9999 -9999 -9999 -9999 -9999 -9999 -9999 -9999 -9999 -9999 -9999 -9999 -9999 -9999 -9999 -9999 -9999 -9999 -9999 -9999 936.0 928.0 915.0 898.0 881.0 863.0 848.0 835.0 828.0 827.0 829.0 828.0 822.0 810.0 802.0 815.0 827.0 827.0 813.0 785.0 751.0 715.0 682.0 652.0 626.0 604.0 586.0 571.0 559.0 548.0 539.0 530.0 522.0 514.0 506.0 499.0 493.0 488.0 483.0 478.0 473.0 467.0 462.0
-9999 -9999 -9999 -9999 -9999 -9999 -9999 -9999 -9999 -9999 -9999 -9999 -9999 -9999 -9999 -9999 -9999 -9999 -9999 -9999 -9999 -9999 -9999 -9999 -9999 -9999 -9999 -9999 -9999 -9999 -9999 -9999 -9999 939.0 936.0 927.0 914.0 897.0 879.0 862.0 845.0 832.0 822.0 819.0 818.0 816.0 808.0 789.0 755.0 789.0 810.0 815.0 804.0 779.0 745.0 710.0 676.0 646.0 620.0 598.0 581.0 566.0 554.0 543.0 533.0 524.0 516.0 507.0 499.0 492.0 486.0 480.0 476.0 471.0 466.0 461.0 456.0
-9999 -9999 -9999 -9999 -9999 -9999 -9999 -9999 -9999 -9999 -9999 -9999 -9999 -9999 -9999 -9999 -9999 -9999 -9999 -9999 -9999 -9999 -9999 -9999 -9999 -9999 -9999 -9999 -9999 -9999 -9999 -9999 -9999 941.0 935.0 925.0 911.0 894.0 877.0 859.0 843.0 828.0 816.0 809.0 805.0 802.0 793.0 774.0 744.0 770.0 792.0 801.0 794.0 771.0 738.0 702.0 669.0 639.0 613.0 592.0 575.0 561.0 548.0 537.0 528.0 519.0 510.0 501.0 493.0 485.0 479.0 474.0 470.0 466.0 461.0 456.0 451.0
-9999 -9999 -9999 -9999 -9999 -9999 -9999 -9999 -9999 -9999 -9999 -9999 -9999 -9999 -9999 -9999 -9999 -9999 -9999 -9999 -9999 -9999 -9999 -9999 -9999 -9999 -9999 -9999 -9999 -9999 -9999 -9999 -9999 945.0 934.0 921.0 905.0 887.0 870.0 853.0 838.0 823.0 809.0 797.0 788.0 785.0 778.0 760.0 733.0 749.0 771.0 784.0 780.0 759.0 728.0 693.0 660.0 630.0 606.0 586.0 570.0 556.0 543.0 532.0 522.0 513.0 504.0 495.0 486.0 479.0 473.0 469.0 465.0 461.0 457.0 451.0 451.0
-9999 -9999 -9999 -9999 -9999 -9999 -9999 -9999 -9999 -9999 -9999 -9999 -9999 -9999 -9999 -9999 -9999 -9999 -9999 -9999 -9999 -9999 -9999 -9999 -9999 -9999 -9999 -9999 -9999 -9999 -9999 -9999 -9999 939.0 930.0 915.0 895.0 872.0 857.0 844.0 830.0 816.0 799.0 780.0 762.0 761.0 758.0 743.0 715.0 715.0 745.0 762.0 761.0 743.0 714.0 681.0 649.0 621.0 598.0 579.0 564.0 550.0 538.0 528.0 517.0 508.0 498.0 489.0 481.0 474.0 469.0 465.0 461.0 457.0 454.0 454.0 452.0
-9999 -9999 -9999 -9999 -9999 -9999 -9999 -9999 -9999 -9999 -9999 -9999 -9999 -9999 -9999 -9999 -9999 -9999 -9999 -9999 -9999 -9999 -9999 -9999 -9999 -9999 -9999 -9999 -9999 -9999 -9999 -9999 -9999 935.0 926.0 908.0 882.0 844.0 840.0 830.0 819.0 805.0 785.0 758.0 715.0 730.0 736.0 729.0 712.0 696.0 722.0 738.0 738.0 723.0 697.0 666.0 637.0 611.0 590.0 572.0 558.0 545.0 534.0 523.0 513.0 502.0 493.0 484.0 476.0 470.0 465.0 461.0 458.0 454.0 454.0 453.0 455.0
-9999 -9999 -9999 -9999 -9999 -9999 -9999 -9999 -9999 -9999 -9999 -9999 -9999 -9999 -9999 -9999 -9999 -9999 -9999 -9999 -9999 -9999 -9999 -9999 -9999 -9999 -9999 -9999 -9999 -9999 -9999 -9999 -9999 929.0 920.0 902.0 877.0 844.0 827.0 813.0 804.0 790.0 771.0 743.0 704.0 704.0 713.0 713.0 701.0 683.0 698.0 712.0 713.0 700.0 678.0 651.0 625.0 602.0 582.0 566.0 552.0 540.0 529.0 519.0 508.0 498.0 488.0 479.0 472.0 466.0 462.0 459.0 456.0 454.0 453.0 455.0 458.0
-9999 -9999 -9999 -9999 -9999 -9999 -9999 -9999 -9999 -9999 -9999 -9999 -9999 -9999 -9999 -9999 -9999 -9999 -9999 -9999 -9999 -9999 -9999 -9999 -9999 -9999 -9999 -9999 -9999 -9999 -9999 -9999 922.0 921.0 912.0 896.0 873.0 847.0 827.0 789.0 789.0 773.0 756.0 733.0 705.0 683.0 693.0 696.0 688.0 670.0 670.0 685.0 688.0 678.0 659.0 636.0 613.0 592.0 574.0 560.0 547.0 536.0 525.0 515.0 504.0 494.0 484.0 476.0 469.0 464.0 460.0 456.0 456.0 453.0 456.0 458.0 461.0
-9999 -9999 -9999 -9999 -9999 -9999 -9999 -9999 -9999 -9999 -9999 -9999 -9999 -9999 -9999 -9999 -9999 -9999 -9999 -9999 -9999 -9999 -9999 -9999 -9999 -9999 -9999 -9999 -9999 -9999 -9999 -9999 911.0 909.0 902.0 887.0 866.0 842.0 817.0 787.0 758.0 754.0 740.0 721.0 699.0 675.0 675.0 681.0 677.0 666.0 658.0 665.0 667.0 658.0 642.0 622.0 601.0 583.0 567.0 554.0 542.0 532.0 521.0 511.0 501.0 491.0 482.0 474.0 467.0 463.0 459.0 456.0 453.0 455.0 458.0 461.0 464.0
-9999 -9999 -9999 -9999 -9999 -9999 -9999 -9999 -9999 -9999 -9999 -9999 -9999 -9999 -9999 -9999 -9999 -9999 -9999 -9999 -9999 -9999 -9999 -9999 -9999 -9999 -9999 -9999 -9999 -9999 -9999 897.0 898.0 896.0 888.0 875.0 856.0 834.0 812.0 784.0 741.0 741.0 724.0 707.0 692.0 677.0 668.0 669.0 665.0 656.0 642.0 647.0 647.0 640.0 627.0 609.0 591.0 575.0 561.0 549.0 538.0 528.0 518.0 508.0 499.0 489.0 480.0 472.0 466.0 462.0 459.0 456.0 454.0 458.0 461.0 464.0 467.0
-9999 -9999 -9999 -9999 -9999 -9999 -9999 -9999 -9999 -9999 -9999 -9999 -9999 -9999 -9999 -9999 -9999 -9999 -9999 -9999 -9999 -9999 -9999 -9999 -9999 -9999 -9999 -9999 -9999 -9999 -9999 886.0 884.0 881.0 873.0 860.0 843.0 826.0 809.0 790.0 765.0 741.0 705.0 690.0 682.0 671.0 659.0 659.0 653.0 644.0 629.0 629.0 629.0 624.0 613.0 598.0 582.0 567.0 555.0 544.0 534.0 524.0 515.0 506.0 497.0 488.0 479.0 471.0 466.0 461.0 458.0 456.0 455.0 459.0 464.0 468.0 471.0
-9999 -9999 -9999 -9999 -9999 -9999 -9999 -9999 -9999 -9999 -9999 -9999 -9999 -9999 -9999 -9999 -9999 -9999 -9999 -9999 -9999 -9999 -9999 -9999 -9999 -9999 -9999 -9999 -9999 -9999 878.0 876.0 871.0 865.0 856.0 843.0 829.0 816.0 806.0 796.0 780.0 758.0 728.0 690.0 674.0 665.0 656.0 649.0 639.0 633.0 623.0 615.0 615.0 610.0 600.0 587.0 574.0 561.0 550.0 540.0 530.0 522.0 513.0 505.0 496.0 487.0 479.0 471.0 465.0 461.0 458.0 457.0 457.0 461.0 466.0 470.0 474.0
-9999 -9999 -9999 -9999 -9999 -9999 -9999 -9999 -9999 -9999 -9999 -9999 -9999 -9999 -9999 -9999 -9999 -9999 -9999 -9999 -9999 -9999 -9999 -9999 -9999 -9999 -9999 -9999 -9999 -9999 869.0 864.0 858.0 850.0 838.0 825.0 812.0 804.0 800.0 796.0 787.0 772.0 749.0 720.0 696.0 676.0 656.0 639.0 620.0 620.0 614.0 602.0 602.0 598.0 589.0 578.0 566.0 555.0 545.0 536.0 527.0 519.0 511.0 503.0 495.0 486.0 478.0 470.0 464.0 460.0 457.0 457.0 459.0 463.0 468.0 473.0 476.0
-9999 -9999 -9999 -9999 -9999 -9999 -9999 -9999 -9999 -9999 -9999 -9999 -9999 -9999 -9999 -9999 -9999 -9999 -9999 -9999 -9999 -9999 -9999 -9999 -9999 -9999 -9999 -9999 -9999 -9999 857.0 852.0 844.0 834.0 821.0 807.0 795.0 789.0 788.0 788.0 784.0 774.0 757.0 734.0 709.0 683.0 660.0 639.0 620.0 612.0 607.0 594.0 589.0 589.0 578.0 569.0 559.0 550.0 541.0 532.0 524.0 516.0 508.0 500.0 492.0 484.0 475.0 468.0 462.0 458.0 457.0 456.0 460.0 464.0 469.0 474.0 478.0
-9999 -9999 -9999 -9999 -9999 -9999 -9999 -9999 -9999 -9999 -9999 -9999 -9999 -9999 -9999 -9999 -9999 -9999 -9999 -9999 -9999 -9999 -9999 -9999 -9999 -9999 -9999 -9999 -9999 -9999 844.0 839.0 830.0 818.0 804.0 788.0 776.0 770.0 770.0 771.0 769.0 763.0 751.0 732.0 709.0 684.0 660.0 639.0 622.0 612.0 605.0 580.0 578.0 570.0 566.0 560.0 553.0 545.0 537.0 528.0 520.0 512.0 504.0 496.0 488.0 480.0 472.0 464.0 459.0 459.0 457.0 459.0 461.0 465.0 470.0 475.0 480.0
-9999 -9999 -9999 -9999 -9999 -9999 -9999 -9999 -9999 -9999 -9999 -9999 -9999 -9999 -9999 -9999 -9999 -9999 -9999 -9999 -9999 -9999 -9999 -9999 -9999 -9999 -9999 -9999 -9999 -9999 829.0 824.0 816.0 803.0 788.0 771.0 757.0 750.0 748.0 748.0 747.0 743.0 734.0 720.0 700.0 678.0 655.0 635.0 618.0 605.0 593.0 580.0 572.0 566.0 557.0 552.0 546.0 539.0 532.0 524.0 515.0 507.0 498.0 490.0 482.0 475.0 467.0 459.0 459.0 458.0 459.0 460.0 462.0 466.0 471.0 476.0 481.0
-9999 -9999 -9999 -9999 -9999 -9999 -9999 -9999 -9999 -9999 -9999 -9999 -9999 -9999 -9999 -9999 -9999 -9999 -9999 -9999 -9999 -9999 -9999 -9999 -9999 -9999 -9999 -9999 -9999 813.0 813.0 808.0 800.0 788.0 773.0 755.0 740.0 729.0 725.0 723.0 721.0 718.0 712.0 701.0 685.0 666.0 647.0 627.0 610.0 596.0 585.0 576.0 572.0 559.0 544.0 542.0 538.0 533.0 527.0 519.0 510.0 501.0 492.0 484.0 477.0 470.0 464.0 459.0 458.0 459.0 460.0 461.0 464.0 467.0 472.0 478.0 483.0
-9999 -9999 -9999 -9999 -9999 -9999 -9999 -9999 -9999 -9999 -9999 -9999 -9999 -9999 -9999 -9999 -9999 -9999 -9999 -9999 -9999 -9999 -9999 -9999 -9999 -9999 -9999 -9999 -9999 799.0 797.0 791.0 782.0 771.0 756.0 740.0 723.0 711.0 703.0 700.0 697.0 694.0 689.0 680.0 668.0 652.0 634.0 616.0 600.0 586.0 576.0 567.0 560.0 552.0 544.0 534.0 531.0 526.0 520.0 513.0 504.0 495.0 486.0 478.0 471.0 466.0 459.0 459.0 459.0 460.0 461.0 462.0 465.0 469.0 474.0 480.0 485.0
-9999 -9999 -9999 -9999 -9999 -9999 -9999 -9999 -9999 -9999 -9999 -9999 -9999 -9999 -9999 -9999 -9999 -9999 -9999 -9999 -9999 -9999 -9999 -9999 -9999 -9999 -9999 -9999 -9999 787.0 784.0 776.0 765.0 753.0 739.0 724.0 708.0 695.0 685.0 679.0 675.0 672.0 667.0 659.0 649.0 635.0 620.0 604.0 589.0 576.0 566.0 558.0 551.0 545.0 539.0 534.0 525.0 520.0 514.0 507.0 498.0 490.0 481.0 474.0 467.0 463.0 460.0 458.0 460.0 461.0 462.0 464.0 467.0 472.0 477.0 482.0 487.0
-9999 -9999 -9999 -9999 -9999 -9999 -9999 -9999 -9999 -9999 -9999 -9999 -9999 -9999 -9999 -9999 -9999 -9999 -9999 -9999 -9999 -9999 -9999 -9999 -9999 -9999 -9999 -9999 -9999 780.0 775.0 764.0 750.0 736.0 722.0 708.0 694.0 680.0 670.0 662.0 657.0 652.0 647.0 640.0 630.0 618.0 605.0 590.0 577.0 565.0 556.0 548.0 542.0 537.0 531.0 526.0 519.0 513.0 507.0 500.0 493.0 485.0 477.0 470.0 464.0 459.0 459.0 460.0 461.0 463.0 465.0 467.0 471.0 475.0 480.0 486.0 491.0
-9999 -9999 -9999 -9999 -9999 -9999 -9999 -9999 -9999 -9999 -9999 -9999 -9999 -9999 -9999 -9999 -9999 -9999 -9999 -9999 -9999 -9999 -9999 -9999 -9999 -9999 -9999 -9999 -9999 -9999 768.0 755.0 738.0 722.0 706.0 692.0 679.0 667.0 656.0 647.0 640.0 634.0 629.0 621.0 613.0 602.0 590.0 577.0 565.0 554.0 546.0 539.0 533.0 528.0 523.0 518.0 512.0 507.0 501.0 495.0 488.0 480.0 473.0 467.0 462.0 458.0 460.0 461.0 463.0 465.0 468.0 471.0 475.0 480.0 485.0 490.0 495.0
-9999 -9999 -9999 -9999 -9999 -9999 -9999 -9999 -9999 -9999 -9999 -9999 -9999 -9999 -9999 -9999 -9999 -9999 -9999 -9999 -9999 -9999 -9999 -9999 -9999 -9999 -9999 -9999 -9999 -9999 -9999 745.0 728.0 709.0 692.0 678.0 665.0 653.0 642.0 633.0 625.0 619.0 612.0 605.0 597.0 587.0 576.0 565.0 554.0 544.0 536.0 529.0 524.0 519.0 514.0 509.0 504.0 500.0 494.0 489.0 483.0 476.0 469.0 463.0 458.0 458.0 461.0 463.0 465.0 468.0 471.0 476.0 480.0 485.0 491.0 495.0 500.0
-9999 -9999 -9999 -9999 -9999 -9999 -9999 -9999 -9999 -9999 -9999 -9999 -9999 -9999 -9999 -9999 -9999 -9999 -9999 -9999 -9999 -9999 -9999 -9999 -9999 -9999 -9999 -9999 -9999 -9999 -9999 -9999 717.0 698.0 679.0 664.0 651.0 640.0 629.0 620.0 612.0 605.0 598.0 591.0 583.0 574.0 564.0 554.0 544.0 535.0 527.0 520.0 514.0 509.0 505.0 500.0 496.0 492.0 487.0 483.0 477.0 472.0 466.0 458.0 458.0 460.0 463.0 466.0 468.0 472.0 476.0 481.0 486.0 491.0 496.0 501.0 505.0
