data/PosinaDailyOneYear/13/dem_13.asc
ncols        675
nrows        650
xllcorner    1669000.000000000000
yllcorner    5070800.000000000000
cellsize     20.000000000000
NODATA_value  -9999
[rows 280 to 314 of 650, columns 553 to 631 of 675]
897 889 881 872 863 854 845 836 827 816 805 794 783 772 762 752 743 733 723 714 706 699 694 690 684 679 671 663 652 640 626 610 595 578 561 545 528 510 493 475 456 458 462 468 477 488 501 514 526 537 546 555 564 573 584 594 605 616 627 637 647 657 667 679 691 704 718 732 748 764 780 795 809 823 836 850 865 880 896
881 875 868 860 853 846 838 830 821 812 801 790 779 768 757 747 736 726 716 706 698 691 686 682 677 672 665 657 647 635 621 606 590 574 558 542 525 509 492 474 455 455 461 467 476 486 499 512 524 535 545 554 564 574 584 595 606 617 628 637 647 656 667 677 689 701 715 729 744 759 774 789 803 816 830 844 858 873 888
867 861 854 848 842 835 829 822 814 806 797 786 775 764 753 741 730 719 708 698 689 682 676 671 667 662 656 648 639 628 615 600 585 569 553 538 522 506 489 472 454 454 460 466 475 485 498 511 523 535 545 555 565 576 587 599 611 622 633 643 652 661 670 681 692 703 715 728 742 756 770 784 797 811 824 837 851 865 880
853 847 841 835 829 823 818 812 806 799 791 781 771 760 749 737 726 714 702 691 681 673 666 660 655 650 644 638 629 619 607 594 579 564 548 533 518 502 486 470 453 453 459 466 474 485 497 510 523 535 546 557 568 579 591 604 617 630 642 652 661 670 678 688 698 709 720 732 744 756 769 781 794 806 819 831 844 858 872
840 834 828 821 816 810 805 801 796 790 783 775 765 755 745 733 722 710 698 686 675 665 657 650 644 638 632 626 619 610 599 587 573 558 543 528 513 498 483 468 453 453 459 465 474 484 497 510 523 536 548 559 570 583 596 610 624 639 652 663 672 680 689 697 707 717 728 739 750 761 772 783 794 806 817 829 841 853 866
828 821 815 808 802 797 792 788 784 779 774 766 758 749 740 729 718 707 695 683 671 659 650 641 633 627 620 614 608 600 591 580 567 553 539 524 509 494 480 466 452 452 458 465 474 484 497 510 524 537 549 560 572 585 599 614 630 646 660 672 682 691 699 707 717 727 737 748 759 770 780 789 799 809 820 830 841 852 864
815 809 802 795 789 783 778 775 771 767 763 756 749 741 733 724 715 705 693 681 668 656 645 634 625 617 610 604 598 591 583 573 562 549 535 520 505 491 477 466 456 452 458 465 474 485 497 511 524 537 549 561 574 587 601 617 633 650 665 678 689 698 707 716 726 736 747 758 769 780 789 798 807 816 826 835 845 855 866
803 797 791 783 776 770 765 761 758 755 751 745 739 732 725 717 710 702 692 680 668 655 642 630 620 610 602 595 588 582 575 566 557 545 532 518 503 488 475 464 456 451 457 465 474 485 498 511 525 538 550 562 575 588 603 618 634 650 666 680 692 702 712 722 732 743 755 767 778 789 799 808 817 825 834 843 852 861 872
791 786 780 773 765 758 752 748 745 742 739 734 728 722 715 710 704 697 689 679 668 655 642 629 617 606 596 588 580 574 567 559 551 542 530 516 501 486 473 463 456 450 457 465 474 485 498 512 525 538 551 563 577 590 604 618 633 649 664 679 692 703 714 725 736 747 760 772 785 797 807 816 825 834 843 852 861 870 880
780 776 770 763 755 747 740 736 733 730 728 724 718 711 705 700 696 691 685 677 667 655 642 628 616 603 592 582 574 566 559 552 545 537 526 514 499 485 472 462 454 450 457 464 473 485 498 511 525 538 552 565 578 592 605 618 632 647 662 676 689 702 713 724 736 748 761 774 787 800 812 822 832 842 851 861 870 880 891
769 765 761 754 746 737 730 724 721 719 716 713 707 701 695 690 687 683 679 673 664 653 641 628 615 602 590 579 569 560 553 546 539 532 522 511 498 484 471 460 449 450 456 463 472 484 497 511 525 538 552 566 579 592 605 617 631 645 659 673 686 698 710 721 733 746 759 772 786 800 813 825 836 847 859 869 880 891 903
757 755 751 745 737 728 720 714 709 707 705 701 696 690 685 680 676 673 670 666 659 650 640 627 615 602 589 577 566 557 548 540 533 526 517 507 496 483 471 460 448 451 456 462 471 482 495 510 524 538 552 565 578 591 603 615 628 641 655 668 681 693 705 716 728 741 754 768 782 796 811 824 838 851 864 876 889 901 915
746 744 741 736 728 719 710 703 698 695 693 690 685 680 674 669 665 662 660 657 652 645 636 625 613 601 588 576 565 555 545 536 528 520 512 503 493 482 470 459 448 451 455 461 469 481 494 508 523 537 550 563 575 587 599 611 624 637 650 663 675 687 699 711 723 735 749 762 777 792 807 822 837 852 867 881 895 909 924
734 732 729 724 717 709 700 693 687 683 681 678 674 669 664 658 654 650 648 645 642 637 629 620 610 599 587 576 565 554 544 534 525 516 508 499 489 479 469 458 447 449 453 460 468 479 493 507 521 534 547 559 571 582 594 606 618 631 644 657 669 681 693 705 717 730 744 758 772 788 804 820 836 852 868 883 898 913 928
722 719 716 712 706 698 690 682 676 671 668 665 662 658 653 648 643 639 635 633 630 627 621 614 605 595 585 574 564 554 544 533 523 513 504 495 486 477 467 457 447 446 452 458 467 478 491 505 518 531 543 555 566 577 588 600 613 626 638 651 663 676 688 700 713 726 740 755 770 785 802 818 835 851 868 883 898 913 927
711 707 703 699 693 686 678 671 665 660 656 653 650 647 642 637 632 627 624 621 619 616 611 605 598 589 580 571 562 553 543 533 522 512 502 493 484 476 466 457 446 446 451 457 466 477 490 503 515 528 539 551 562 573 584 597 609 622 634 647 660 672 685 698 712 725 739 754 769 785 801 817 834 850 865 880 894 908 922
702 696 691 686 681 674 667 660 653 648 644 641 638 635 631 626 621 616 612 609 606 604 600 595 589 581 573 565 558 549 541 531 521 510 500 491 483 475 466 458 450 446 449 456 465 475 487 500 512 524 536 548 559 571 583 595 608 620 633 645 659 672 685 699 713 726 740 755 770 785 801 817 832 846 860 873 886 899 912
695 688 681 675 668 662 655 649 643 637 633 629 626 623 619 615 610 605 601 597 594 592 588 584 578 572 565 558 551 544 536 527 517 507 498 490 481 473 465 458 451 445 445 454 463 473 484 496 509 522 534 547 559 571 584 596 609 621 633 646 660 674 688 702 716 730 743 757 771 786 801 815 829 842 853 864 875 887 900
691 682 672 663 656 650 644 639 633 627 623 619 615 611 607 603 599 595 590 586 583 580 576 572 567 561 554 548 542 536 528 521 512 503 495 487 478 469 463 457 451 445 444 453 461 471 481 493 506 520 533 547 560 573 586 599 611 623 636 649 663 677 691 706 720 734 748 761 774 787 800 813 824 835 844 853 862 872 887
691 680 663 650 644 639 633 631 624 618 614 610 604 599 595 592 588 584 579 575 572 568 564 560 555 550 544 538 532 526 520 513 506 498 491 484 472 462 460 457 450 446 444 451 459 468 479 490 503 518 533 547 561 575 588 600 612 625 638 651 665 680 695 710 724 738 751 763 775 786 798 808 817 825 832 838 846 851 875
695 684 673 662 654 645 633 628 614 607 608 603 593 586 582 580 577 573 569 565 562 558 554 549 544 540 534 528 522 516 511 506 500 493 489 485 465 462 462 457 447 444 444 450 457 466 476 488 501 516 532 547 561 575 588 600 613 625 638 652 667 682 697 711 726 739 752 763 773 783 792 801 806 811 819 821 833 851 870
701 691 681 672 662 653 643 634 624 617 611 605 597 588 579 571 567 563 558 557 552 549 546 540 535 531 525 519 509 506 502 500 494 487 486 485 477 472 467 461 453 444 443 449 456 465 475 486 500 515 531 546 560 574 587 600 612 625 638 652 667 681 696 710 724 736 748 758 767 775 784 791 793 791 810 821 835 851 868
709 699 689 679 670 660 650 641 632 623 616 608 600 593 586 579 573 567 558 552 543 542 542 530 527 525 518 515 509 511 509 507 503 499 496 491 485 479 473 465 456 448 441 448 455 464 474 486 500 515 530 545 560 574 587 599 612 624 637 651 665 678 692 705 717 729 739 748 756 763 773 782 784 791 808 822 836 851 866
716 706 696 686 676 666 656 646 637 629 621 613 605 599 593 587 581 575 568 561 555 551 546 537 527 523 518 521 519 518 517 515 513 509 504 498 491 483 475 467 457 449 441 448 455 464 475 487 501 516 531 546 561 574 587 600 612 624 636 648 660 673 685 696 707 717 726 734 743 747 762 777 784 794 808 822 836 850 864
724 713 703 692 682 671 661 651 642 634 626 618 612 606 601 596 590 584 578 571 565 560 554 548 541 536 532 531 529 528 526 525 522 518 511 504 495 485 475 466 456 448 440 447 455 465 477 490 504 518 533 548 562 576 589 601 613 623 634 644 654 665 674 683 694 704 712 716 732 747 759 772 783 795 808 822 835 848 862
732 721 710 699 688 677 666 656 648 640 632 626 620 616 611 607 602 596 589 583 577 571 565 559 554 549 546 543 541 539 537 534 530 524 516 507 496 485 474 463 454 446 440 447 455 466 479 492 507 522 536 551 565 578 591 602 612 621 630 638 647 654 662 666 682 691 700 716 728 742 755 768 781 794 807 820 833 845 858
740 728 717 705 694 683 672 663 655 647 641 635 631 627 624 620 615 609 602 596 589 583 578 572 567 563 559 556 553 551 548 543 537 529 519 507 495 483 471 460 451 444 439 445 455 468 481 495 510 524 539 553 566 578 590 599 608 616 624 631 638 642 654 666 678 688 699 711 724 737 751 764 778 791 805 817 830 841 852
748 736 723 712 700 690 680 672 664 657 652 647 644 640 637 634 629 623 617 610 604 598 592 586 581 576 572 569 565 562 557 550 541 531 519 507 494 480 468 457 449 443 439 439 454 468 483 497 511 526 540 553 565 576 585 593 601 608 616 623 631 642 654 665 675 685 696 707 720 733 746 760 774 788 801 813 825 835 845
755 742 730 718 708 698 690 683 676 670 665 661 658 655 653 649 645 639 633 626 619 613 606 600 594 589 585 580 576 570 564 555 544 532 519 505 491 478 465 454 447 442 439 439 454 468 483 498 512 526 539 551 562 570 578 584 590 596 605 613 631 642 654 664 674 684 694 704 716 728 741 755 769 783 796 808 818 827 836
761 748 736 725 716 708 702 696 690 685 680 676 674 672 669 666 662 656 650 643 635 628 620 613 607 601 595 589 583 576 568 557 545 531 517 503 489 475 462 452 445 441 439 438 453 468 483 497 511 524 536 547 555 562 567 571 576 579 596 613 630 643 654 664 674 683 692 702 712 723 736 749 763 776 789 800 810 819 827
767 754 743 734 726 720 715 711 706 700 696 692 690 688 686 683 679 674 667 659 651 642 633 625 617 609 602 595 587 579 569 557 544 530 516 501 487 473 460 451 444 440 438 436 452 467 482 495 508 520 531 540 547 551 555 556 564 579 599 616 631 644 655 665 674 682 691 700 709 719 730 742 755 768 780 791 801 809 818
774 761 751 743 737 732 728 725 721 716 712 709 707 705 703 700 696 690 683 674 664 654 643 633 623 614 606 597 588 578 567 556 543 529 515 500 486 472 459 450 443 439 436 436 451 466 480 492 504 515 524 531 536 540 542 556 570 586 603 619 634 646 657 666 674 682 690 697 705 714 724 735 747 759 770 781 790 799 809
782 770 761 753 748 745 742 739 735 731 727 725 723 721 718 715 710 704 695 685 674 662 649 638 626 616 605 595 585 575 564 553 540 527 513 499 485 472 459 450 443 438 435 436 451 464 476 488 498 507 515 520 524 528 542 559 576 592 607 622 635 647 657 666 674 681 688 695 701 709 717 727 737 748 759 770 780 790 801
791 780 771 765 760 757 755 752 749 745 742 739 737 735 731 727 721 713 704 692 680 666 653 639 627 615 603 592 581 570 560 549 537 525 512 499 485 472 460 450 442 437 435 441 451 462 473 482 491 499 505 510 508 513 541 562 579 595 609 623 636 647 657 665 672 678 684 691 696 703 710 718 727 737 748 760 771 782 793
801 791 783 777 773 770 768 765 762 758 755 752 749 746 742 736 729 719 708 695 682 667 653 639 625 612 599 587 576 565 555 545 534 523 511 498 486 473 461 450 441 435 435 443 451 460 469 477 484 491 495 504 508 525 546 565 581 596 610 622 634 645 654 662 668 673 679 684 690 695 701 708 716 726 738 750 762 774 784
