data/PosinaDailyOneYear/13/dem_13_rid.asc
ncols        22
nrows        18
xllcorner    1680880.000000000000
yllcorner    5077060.000000000000
cellsize     20.000000000000
NODATA_value  -9999
 432 436 440 445 452 459 468 476 485 495 506 517 528 538 548 557 566 574 582 589 595 599
 432 435 439 443 450 458 466 475 484 493 503 513 522 531 539 547 555 562 569 575 579 582
 432 434 437 442 448 456 464 473 482 491 500 508 516 524 531 537 544 550 555 560 564 561
 432 431 435 439 445 452 461 471 480 489 497 504 511 516 522 529 534 540 540 547 556 561
 431 431 433 437 442 448 457 468 479 487 494 500 505 509 512 521 526 534 540 547 555 564
 432 430 430 434 437 440 450 465 479 487 492 497 500 503 512 519 525 532 538 545 554 564
 432 429 429 431 435 440 453 466 478 485 491 496 501 505 511 518 524 530 536 543 552 561
 432 430 429 429 436 445 457 468 478 485 491 496 500 505 511 517 522 528 534 541 549 558
 432 430 429 429 435 446 458 469 477 484 490 495 500 505 510 516 521 527 533 540 547 555
 433 430 429 428 428 443 457 467 476 482 488 493 499 504 509 515 520 526 532 538 544 550
 433 430 429 427 427 442 455 465 474 480 486 492 497 503 508 514 520 525 530 537 542 544
 433 430 428 427 427 441 454 464 472 479 485 490 496 502 507 513 519 523 527 538 541 544
 434 430 428 427 427 440 452 462 470 477 483 489 495 500 506 512 520 522 527 538 546 553
 434 429 427 426 426 440 452 461 469 476 482 487 493 498 504 510 517 523 531 541 551 560
 433 428 426 425 425 440 452 461 468 474 480 485 491 496 502 508 515 523 533 544 555 565
 430 424 424 424 432 442 452 460 466 472 478 483 488 493 498 505 512 522 532 544 557 569
 423 424 424 429 436 444 452 458 464 470 475 480 484 489 495 501 509 519 531 544 558 571
 423 425 427 431 437 443 450 456 461 466 471 476 481 486 491 498 507 517 530 544 559 573
