data/PosinaDailyOneYear/13/sky_13_rid.asc
ncols        22
nrows        18
xllcorner    1680880.000000000000
yllcorner    5077060.000000000000
cellsize     20.000000000000
NODATA_value  -9999
 0.81600457429885864258 0.82455271482467651367 0.831371307373046875 0.83635848760604858398 0.84104299545288085938 0.8422330021858215332 0.84683823585510253906 0.84790629148483276367 0.85008853673934936523 0.84464597702026367188 0.85524564981460571289 0.85149461030960083008 0.84992694854736328125 0.84140491485595703125 0.8411604762077331543 0.82962000370025634766 0.82878452539443969727 0.82390540838241577148 0.80853664875030517578 0.81224006414413452148 0.79336035251617431641 0.7918675541877746582
 0.81602048873901367188 0.82413566112518310547 0.83089947700500488281 0.83558118343353271484 0.84094190597534179688 0.84257656335830688477 0.84541743993759155273 0.84796941280364990234 0.85115283727645874023 0.84868061542510986328 0.8549900054931640625 0.85578513145446777344 0.84849870204925537109 0.84634411334991455078 0.83833420276641845703 0.82967936992645263672 0.82594192028045654297 0.82096910476684570312 0.81260406970977783203 0.81362605094909667969 0.78686958551406860352 0.77265781164169311523
 0.81858831644058227539 0.82534134387969970703 0.83103471994400024414 0.83504855632781982422 0.83627724647521972656 0.84059989452362060547 0.84141629934310913086 0.84455561637878417969 0.8476250767707824707 0.84613156318664550781 0.84928762912750244141 0.84549093246459960938 0.84220916032791137695 0.83824908733367919922 0.83190315961837768555 0.8179302215576171875 0.81754738092422485352 0.81456625461578369141 0.79426819086074829102 0.80008685588836669922 0.7893359065055847168 0.72575998306274414062
 0.81803834438323974609 0.82208299636840820312 0.82866680622100830078 0.834949493408203125 0.83827179670333862305 0.83761006593704223633 0.84209597110748291016 0.84499645233154296875 0.84788787364959716797 0.85084080696105957031 0.85303682088851928711 0.84991800785064697266 0.84717261791229248047 0.83805233240127563477 0.83084011077880859375 0.83294343948364257812 0.82622027397155761719 0.82614505290985107422 0.78482347726821899414 0.80344539880752563477 0.80908215045928955078 0.79362237453460693359
 0.81781458854675292969 0.82264286279678344727 0.82871091365814208984 0.83351725339889526367 0.83788472414016723633 0.83584564924240112305 0.83866530656814575195 0.84459322690963745117 0.85052222013473510742 0.85190600156784057617 0.85470873117446899414 0.85095459222793579102 0.848175048828125 0.84147310256958007812 0.8287200927734375 0.83627903461456298828 0.83223271369934082031 0.8313376307487487793 0.83053761720657348633 0.82910710573196411133 0.82801294326782226562 0.82718092203140258789
 0.81724774837493896484 0.82113766670227050781 0.82580864429473876953 0.83097094297409057617 0.83432066440582275391 0.80666309595108032227 0.80125141143798828125 0.82838869094848632812 0.85165768861770629883 0.85394018888473510742 0.85442680120468139648 0.85133522748947143555 0.84757375717163085938 0.83886849880218505859 0.84211105108261108398 0.84205907583236694336 0.83928680419921875 0.83796453475952148438 0.83630490303039550781 0.83529967069625854492 0.83507752418518066406 0.83405506610870361328
 0.81786572933197021484 0.82141345739364624023 0.82494401931762695312 0.83035790920257568359 0.8326212763786315918 0.808383941650390625 0.82106792926788330078 0.83314794301986694336 0.85098683834075927734 0.85371154546737670898 0.85453337430953979492 0.85266911983489990234 0.85170817375183105469 0.84799009561538696289 0.84693360328674316406 0.84596198797225952148 0.84280729293823242188 0.84117829799652099609 0.83862900733947753906 0.83759576082229614258 0.83849990367889404297 0.83724582195281982422
 0.81810849905014038086 0.82345992326736450195 0.82678961753845214844 0.83058750629425048828 0.8348700404167175293 0.82784408330917358398 0.83356249332427978516 0.84536421298980712891 0.85310178995132446289 0.85374432802200317383 0.85529917478561401367 0.85431998968124389648 0.85285109281539916992 0.85099571943283081055 0.84951710700988769531 0.84781938791275024414 0.84517854452133178711 0.84316903352737426758 0.84134733676910400391 0.84109020233154296875 0.83950752019882202148 0.83805471658706665039
 0.81653523445129394531 0.8230349421501159668 0.82702773809432983398 0.83185565471649169922 0.83284968137741088867 0.82714062929153442383 0.83912980556488037109 0.84901678562164306641 0.852108001708984375 0.85275036096572875977 0.85498422384262084961 0.8545513153076171875 0.85548222064971923828 0.85223126411437988281 0.85142052173614501953 0.84957182407379150391 0.84668338298797607422 0.844371795654296875 0.84356594085693359375 0.84232831001281738281 0.8367035984992980957 0.83358591794967651367
 0.81768512725830078125 0.82471543550491333008 0.82849597930908203125 0.83143377304077148438 0.79241597652435302734 0.80557078123092651367 0.8415501713752746582 0.84802526235580444336 0.85270422697067260742 0.85396039485931396484 0.8537572026252746582 0.8545354008674621582 0.85462552309036254883 0.85344946384429931641 0.85178220272064208984 0.84941768646240234375 0.84618830680847167969 0.84489053487777709961 0.84300416707992553711 0.84210664033889770508 0.8379192352294921875 0.82647556066513061523
 0.81639659404754638672 0.82249039411544799805 0.82842117547988891602 0.83072483539581298828 0.80856168270111083984 0.81133782863616943359 0.84349817037582397461 0.84972399473190307617 0.85250604152679443359 0.8526217341423034668 0.85515165328979492188 0.8545634150505065918 0.85441792011260986328 0.85361838340759277344 0.85308659076690673828 0.85199779272079467773 0.84919559955596923828 0.84635525941848754883 0.84400439262390136719 0.84286952018737792969 0.83867639303207397461 0.80206263065338134766
 0.81553721427917480469 0.82562655210494995117 0.82809239625930786133 0.83129918575286865234 0.81623220443725585938 0.81857544183731079102 0.8443692326545715332 0.84980285167694091797 0.85135900974273681641 0.85292452573776245117 0.85439336299896240234 0.85339426994323730469 0.85453879833221435547 0.85462576150894165039 0.85371077060699462891 0.85318148136138916016 0.84965950250625610352 0.84693640470504760742 0.84171390533447265625 0.84340006113052368164 0.83400249481201171875 0.80482262372970581055
 0.81515038013458251953 0.82566154003143310547 0.83107197284698486328 0.83254694938659667969 0.82262361049652099609 0.81975305080413818359 0.84444040060043334961 0.84900951385498046875 0.85165560245513916016 0.85206818580627441406 0.85415816307067871094 0.85360801219940185547 0.85513848066329956055 0.85382837057113647461 0.85423105955123901367 0.8531386256217956543 0.8521639704704284668 0.84614163637161254883 0.83961766958236694336 0.843822479248046875 0.83496886491775512695 0.82818901538848876953
 0.82008522748947143555 0.82707542181015014648 0.82995188236236572266 0.83233392238616943359 0.80967533588409423828 0.81712239980697631836 0.84160941839218139648 0.84712088108062744141 0.85037147998809814453 0.85174620151519775391 0.85358816385269165039 0.85269433259963989258 0.85285896062850952148 0.85250252485275268555 0.85233390331268310547 0.85083061456680297852 0.85110718011856079102 0.84634107351303100586 0.84555786848068237305 0.8424803614616394043 0.83546745777130126953 0.83266550302505493164
 0.82146131992340087891 0.82765638828277587891 0.82931947708129882812 0.83289963006973266602 0.79381108283996582031 0.82331639528274536133 0.84489959478378295898 0.84995692968368530273 0.85130709409713745117 0.85207444429397583008 0.85390770435333251953 0.85309648513793945312 0.85484898090362548828 0.85310393571853637695 0.85404646396636962891 0.85240012407302856445 0.850986480712890625 0.84653764963150024414 0.8474165797233581543 0.84500199556350708008 0.83897298574447631836 0.83605724573135375977
 0.81025004386901855469 0.81975740194320678711 0.82947218418121337891 0.82254618406295776367 0.82650154829025268555 0.83192783594131469727 0.84580391645431518555 0.8486163020133972168 0.85058706998825073242 0.85050094127655029297 0.85223650932312011719 0.85333496332168579102 0.85241019725799560547 0.85199189186096191406 0.85242116451263427734 0.85206240415573120117 0.84664672613143920898 0.84435999393463134766 0.84017270803451538086 0.83777850866317749023 0.83927077054977416992 0.83485627174377441406
 0.79715466499328613281 0.82608789205551147461 0.830722808837890625 0.83685421943664550781 0.84093677997589111328 0.84386998414993286133 0.84657913446426391602 0.84831106662750244141 0.8502629399299621582 0.85021132230758666992 0.85081446170806884766 0.85136759281158447266 0.85048192739486694336 0.8496303558349609375 0.85085529088973999023 0.84978300333023071289 0.84693431854248046875 0.84195309877395629883 0.84476178884506225586 0.84401875734329223633 0.84005147218704223633 0.83926796913146972656
 0.80762588977813720703 0.82738864421844482422 0.83403718471527099609 0.83789330720901489258 0.84062731266021728516 0.84290099143981933594 0.84533321857452392578 0.84694612026214599609 0.84763580560684204102 0.84835141897201538086 0.84967607259750366211 0.8494707942008972168 0.8496036529541015625 0.84992170333862304688 0.8496716618537902832 0.8471018671989440918 0.84308820962905883789 0.83702772855758666992 0.84229332208633422852 0.83634316921234130859 0.8358872532844543457 0.83595025539398193359
