data/PosinaDailyOneYear/16/sky_16_rid.asc
ncols        15
nrows        15
xllcorner    1677460.000000000000
yllcorner    5081420.000000000000
cellsize     20.000000000000
NODATA_value  -9999
 0.88552504777908325195 0.89183861017227172852 0.89146077632904052734 0.88974893093109130859 0.8845068812370300293 0.88631099462509155273 0.8821163177490234375 0.88433825969696044922 0.88677555322647094727 0.8835646510124206543 0.87619721889495849609 0.87048417329788208008 0.86115467548370361328 0.85960090160369873047 0.84893816709518432617
 0.87963813543319702148 0.88963162899017333984 0.88945758342742919922 0.88951349258422851562 0.88453590869903564453 0.88331592082977294922 0.88042509555816650391 0.88366687297821044922 0.88399755954742431641 0.88377928733825683594 0.87862044572830200195 0.87068426609039306641 0.8640066981315612793 0.86162745952606201172 0.85256218910217285156
 0.87456327676773071289 0.87922781705856323242 0.88190120458602905273 0.8830674290657043457 0.88097625970840454102 0.87966096401214599609 0.87690180540084838867 0.88120836019515991211 0.88234549760818481445 0.88025796413421630859 0.87801241874694824219 0.86970627307891845703 0.86311143636703491211 0.85448783636093139648 0.84797483682632446289
 0.87044155597686767578 0.87334102392196655273 0.87618499994277954102 0.87859195470809936523 0.87995332479476928711 0.88003087043762207031 0.878025054931640625 0.88127404451370239258 0.87996500730514526367 0.8812929987907409668 0.87826776504516601562 0.86962610483169555664 0.86029374599456787109 0.85288918018341064453 0.84395796060562133789
 0.85977345705032348633 0.86397254467010498047 0.86849117279052734375 0.87129294872283935547 0.87312358617782592773 0.87185943126678466797 0.87072861194610595703 0.87683004140853881836 0.87754225730895996094 0.87929522991180419922 0.87580347061157226562 0.86460483074188232422 0.85379368066787719727 0.84545826911926269531 0.83684742450714111328
 0.85266691446304321289 0.85615426301956176758 0.8593285679817199707 0.86121934652328491211 0.8615996241569519043 0.86429059505462646484 0.86719965934753417969 0.87018567323684692383 0.8738117218017578125 0.87513870000839233398 0.86810839176177978516 0.8485520482063293457 0.83874976634979248047 0.82342940568923950195 0.81407028436660766602
 0.8456592559814453125 0.84844517707824707031 0.84918522834777832031 0.85398936271667480469 0.85783135890960693359 0.85958623886108398438 0.85899895429611206055 0.86514908075332641602 0.86647510528564453125 0.86864578723907470703 0.85958766937255859375 0.84442079067230224609 0.83365100622177124023 0.82200944423675537109 0.81256979703903198242
 0.83618879318237304688 0.83989131450653076172 0.84086847305297851562 0.84313261508941650391 0.84874242544174194336 0.84912931919097900391 0.85127532482147216797 0.8556003570556640625 0.85648262500762939453 0.85668885707855224609 0.85136550664901733398 0.83499169349670410156 0.82514667510986328125 0.81770056486129760742 0.81624579429626464844
 0.8274262547492980957 0.82982987165451049805 0.83141255378723144531 0.83462178707122802734 0.84031569957733154297 0.84183067083358764648 0.83968234062194824219 0.84581667184829711914 0.84300029277801513672 0.84678035974502563477 0.83672147989273071289 0.82242810726165771484 0.81306660175323486328 0.80912566184997558594 0.80483728647232055664
 0.81688922643661499023 0.82269001007080078125 0.82674717903137207031 0.82856470346450805664 0.83227336406707763672 0.83567368984222412109 0.83641159534454345703 0.83918458223342895508 0.84108912944793701172 0.84259003400802612305 0.83500444889068603516 0.82655876874923706055 0.8211956024169921875 0.81797277927398681641 0.81566292047500610352
 0.81066077947616577148 0.8178284764289855957 0.81890588998794555664 0.82474279403686523438 0.82569938898086547852 0.82871496677398681641 0.829715728759765625 0.83285981416702270508 0.83463782072067260742 0.83614999055862426758 0.83171814680099487305 0.82529026269912719727 0.82127714157104492188 0.81545406579971313477 0.81426703929901123047
 0.80428874492645263672 0.8103567957878112793 0.81511574983596801758 0.81773644685745239258 0.82053315639495849609 0.81900262832641601562 0.82197719812393188477 0.82689040899276733398 0.83054345846176147461 0.8307476043701171875 0.82967299222946166992 0.8270460963249206543 0.82669270038604736328 0.8209425806999206543 0.8179410099983215332
 0.8036200404167175293 0.80300855636596679688 0.80688774585723876953 0.81003046035766601562 0.81271535158157348633 0.81357938051223754883 0.80963176488876342773 0.81668066978454589844 0.81967890262603759766 0.82400476932525634766 0.82512724399566650391 0.82607370615005493164 0.8249651789665222168 0.82231485843658447266 0.81983125209808349609
 0.79887688159942626953 0.79649209976196289062 0.80126768350601196289 0.81173264980316162109 0.81607323884963989258 0.80960536003112792969 0.7976061701774597168 0.80339705944061279297 0.80742168426513671875 0.81590247154235839844 0.81773090362548828125 0.82008594274520874023 0.82098227739334106445 0.82181537151336669922 0.82125377655029296875
 0.80163592100143432617 0.79698354005813598633 0.801136016845703125 0.80703192949295043945 0.80965888500213623047 0.80622172355651855469 0.80034017562866210938 0.79480659961700439453 0.79959976673126220703 0.80771797895431518555 0.80715674161911010742 0.80817490816116333008 0.81594902276992797852 0.81354069709777832031 0.81796705722808837891
