data/PosinaDailyOneYear/4/sky_4_rid.asc
ncols        17
nrows        15
xllcorner    1676460.000000000000
yllcorner    5076680.000000000000
cellsize     20.000000000000
NODATA_value  -9999
 0.89914846420288085938 0.90327805280685424805 0.90157389640808105469 0.89997267723083496094 0.89940822124481201172 0.89793455600738525391 0.89837592840194702148 0.89947205781936645508 0.89959937334060668945 0.89934426546096801758 0.89984744787216186523 0.90107446908950805664 0.90060257911682128906 0.90086424350738525391 0.89984190464019775391 0.90034759044647216797 0.89898550510406494141
 0.89999568462371826172 0.90025860071182250977 0.90113753080368041992 0.89899051189422607422 0.89841163158416748047 0.89549654722213745117 0.897281646728515625 0.89746171236038208008 0.8983567357063293457 0.89962738752365112305 0.89962518215179443359 0.90099710226058959961 0.90067076683044433594 0.90071439743041992188 0.90074390172958374023 0.90044069290161132812 0.9000873565673828125
 0.9006805419921875 0.89873635768890380859 0.89981848001480102539 0.89912176132202148438 0.89790844917297363281 0.89480066299438476562 0.89585596323013305664 0.89754050970077514648 0.89701735973358154297 0.89815926551818847656 0.89916944503784179688 0.90011233091354370117 0.90101635456085205078 0.90121567249298095703 0.90190678834915161133 0.90076720714569091797 0.90155488252639770508
 0.90128499269485473633 0.90012681484222412109 0.89496338367462158203 0.8960704803466796875 0.89693170785903930664 0.89501482248306274414 0.89245122671127319336 0.89385205507278442383 0.89558160305023193359 0.89728975296020507812 0.89989012479782104492 0.90074074268341064453 0.90136736631393432617 0.90089333057403564453 0.90229386091232299805 0.90129244327545166016 0.90160721540451049805
 0.89017456769943237305 0.89069384336471557617 0.89186662435531616211 0.88577818870544433594 0.88962149620056152344 0.88032239675521850586 0.88545006513595581055 0.88817203044891357422 0.89035886526107788086 0.89395964145660400391 0.8955758213996887207 0.89908546209335327148 0.90105354785919189453 0.90169560909271240234 0.90153169631958007812 0.90179550647735595703 0.90155756473541259766
 0.89614921808242797852 0.89029735326766967773 0.89353674650192260742 0.88816046714782714844 0.89170992374420166016 0.88323438167572021484 0.88955760002136230469 0.89155250787734985352 0.88779604434967041016 0.89271384477615356445 0.89631545543670654297 0.89804494380950927734 0.90073513984680175781 0.89831745624542236328 0.90108668804168701172 0.90232270956039428711 0.90291363000869750977
 0.89507871866226196289 0.89019423723220825195 0.89335715770721435547 0.88955718278884887695 0.89401143789291381836 0.88332462310791015625 0.88826400041580200195 0.89335739612579345703 0.89099937677383422852 0.88888061046600341797 0.89474588632583618164 0.89959603548049926758 0.89810788631439208984 0.87311440706253051758 0.90121507644653320312 0.90176004171371459961 0.90137219429016113281
 0.89179378747940063477 0.89496833086013793945 0.88766914606094360352 0.88457953929901123047 0.88832765817642211914 0.88734483718872070312 0.89032572507858276367 0.88516032695770263672 0.88180810213088989258 0.89059376716613769531 0.88833421468734741211 0.89514315128326416016 0.89661616086959838867 0.89673888683319091797 0.90258938074111938477 0.90340113639831542969 0.90275532007217407227
 0.88621109724044799805 0.89136201143264770508 0.88790136575698852539 0.89160752296447753906 0.88882434368133544922 0.88698184490203857422 0.89239090681076049805 0.89553904533386230469 0.89349627494812011719 0.89547008275985717773 0.89467716217041015625 0.90092068910598754883 0.90255218744277954102 0.90132987499237060547 0.90359866619110107422 0.90554201602935791016 0.90460669994354248047
 0.88261431455612182617 0.8889243006706237793 0.88708007335662841797 0.88458138704299926758 0.88921833038330078125 0.88916879892349243164 0.88519787788391113281 0.89252531528472900391 0.89081984758377075195 0.89359933137893676758 0.89559394121170043945 0.89962202310562133789 0.90224313735961914062 0.90594041347503662109 0.90604966878890991211 0.90626823902130126953 0.90581274032592773438
 0.88410556316375732422 0.88417732715606689453 0.88463896512985229492 0.89014017581939697266 0.89009255170822143555 0.89261740446090698242 0.89298826456069946289 0.89803773164749145508 0.89204651117324829102 0.89758908748626708984 0.89998167753219604492 0.90195631980895996094 0.90397500991821289062 0.90586209297180175781 0.90717351436614990234 0.90747863054275512695 0.90747916698455810547
 0.89581000804901123047 0.8952115178108215332 0.89716470241546630859 0.89820116758346557617 0.90027409791946411133 0.89988368749618530273 0.90089404582977294922 0.90666145086288452148 0.90314221382141113281 0.90291893482208251953 0.90496337413787841797 0.9061953425407409668 0.90616577863693237305 0.9067280888557434082 0.90669226646423339844 0.90841877460479736328 0.90848147869110107422
 0.89416706562042236328 0.89472866058349609375 0.89772850275039672852 0.89235711097717285156 0.89764004945755004883 0.90016847848892211914 0.90315675735473632812 0.90215039253234863281 0.90314543247222900391 0.90119135379791259766 0.90093952417373657227 0.90395683050155639648 0.90606886148452758789 0.90760463476181030273 0.90845060348510742188 0.91012376546859741211 0.90960508584976196289
 0.90351140499114990234 0.90117365121841430664 0.90437853336334228516 0.90284019708633422852 0.90423643589019775391 0.90337997674942016602 0.90813344717025756836 0.90545767545700073242 0.90600049495697021484 0.90596449375152587891 0.90578263998031616211 0.90693080425262451172 0.90805768966674804688 0.90866702795028686523 0.90885812044143676758 0.90940964221954345703 0.91039288043975830078
 0.90402173995971679688 0.90210175514221191406 0.89992368221282958984 0.89536762237548828125 0.89970266819000244141 0.89943498373031616211 0.9065278172492980957 0.90517878532409667969 0.90456998348236083984 0.90576207637786865234 0.90771347284317016602 0.90760761499404907227 0.90799850225448608398 0.90936166048049926758 0.90973442792892456055 0.90994989871978759766 0.91105854511260986328
