data/PosinaDailyOneYear/42/dem_42.asc
NCOLS 582
NROWS 339
XLLCORNER 1668940.0
YLLCORNER 5070820.0
CELLSIZE 20.0
NODATA_VALUE -9999
[rows 272 to 305 of 339, columns 308 to 384 of 582]
-9999 -9999 -9999 -9999 -9999 750.0 747.0 741.0 733.0 724.0 713.0 700.0 684.0 668.0 651.0 662.0 672.0 681.0 689.0 694.0 698.0 700.0 700.0 699.0 698.0 697.0 699.0 700.0 702.0 703.0 704.0 705.0 707.0 709.0 712.0 715.0 718.0 721.0 723.0 726.0 729.0 732.0 737.0 741.0 746.0 751.0 756.0 761.0 765.0 768.0 770.0 771.0 772.0 773.0 775.0 777.0 780.0 784.0 787.0 -9999 -9999 -9999 -9999 -9999 -9999 -9999 -9999 -9999 -9999 -9999 -9999 -9999 -9999 -9999 -9999 -9999 -9999
-9999 -9999 -9999 -9999 -9999 754.0 750.0 744.0 735.0 725.0 714.0 700.0 686.0 670.0 652.0 664.0 675.0 684.0 692.0 697.0 701.0 703.0 704.0 703.0 703.0 702.0 702.0 702.0 704.0 705.0 707.0 708.0 710.0 713.0 716.0 720.0 723.0 726.0 728.0 731.0 734.0 737.0 740.0 745.0 749.0 754.0 760.0 765.0 770.0 773.0 774.0 775.0 775.0 776.0 777.0 779.0 782.0 785.0 788.0 791.0 -9999 -9999 -9999 -9999 -9999 -9999 -9999 -9999 -9999 -9999 -9999 -9999 -9999 -9999 -9999 -9999 -9999
-9999 -9999 -9999 -9999 758.0 756.0 751.0 744.0 735.0 725.0 713.0 700.0 686.0 671.0 654.0 666.0 677.0 686.0 694.0 700.0 704.0 706.0 707.0 707.0 707.0 705.0 703.0 703.0 706.0 708.0 710.0 711.0 714.0 717.0 721.0 725.0 729.0 732.0 734.0 737.0 739.0 743.0 746.0 750.0 755.0 760.0 766.0 771.0 776.0 778.0 779.0 779.0 779.0 779.0 780.0 782.0 784.0 786.0 789.0 792.0 796.0 -9999 -9999 -9999 -9999 -9999 -9999 -9999 -9999 -9999 -9999 -9999 -9999 -9999 -9999 -9999 -9999
-9999 -9999 -9999 -9999 758.0 755.0 749.0 742.0 733.0 723.0 712.0 700.0 687.0 673.0 660.0 669.0 679.0 688.0 696.0 702.0 706.0 708.0 710.0 711.0 711.0 710.0 709.0 709.0 710.0 712.0 713.0 715.0 717.0 720.0 725.0 730.0 734.0 738.0 741.0 744.0 747.0 750.0 753.0 758.0 762.0 767.0 773.0 778.0 782.0 785.0 785.0 785.0 784.0 784.0 784.0 785.0 786.0 788.0 791.0 794.0 797.0 801.0 -9999 -9999 -9999 -9999 -9999 -9999 -9999 -9999 -9999 -9999 -9999 -9999 -9999 -9999 -9999
-9999 -9999 -9999 759.0 756.0 752.0 746.0 739.0 730.0 721.0 710.0 699.0 687.0 675.0 663.0 672.0 679.0 688.0 696.0 703.0 707.0 711.0 713.0 715.0 715.0 715.0 714.0 714.0 715.0 715.0 717.0 718.0 721.0 724.0 729.0 734.0 739.0 744.0 747.0 751.0 754.0 758.0 762.0 766.0 771.0 776.0 781.0 785.0 789.0 791.0 792.0 791.0 790.0 790.0 789.0 789.0 790.0 791.0 794.0 797.0 800.0 803.0 805.0 809.0 -9999 -9999 -9999 -9999 -9999 -9999 -9999 -9999 -9999 -9999 -9999 -9999 -9999
-9999 -9999 760.0 757.0 753.0 748.0 742.0 735.0 727.0 718.0 708.0 697.0 686.0 675.0 665.0 673.0 679.0 688.0 695.0 703.0 709.0 713.0 716.0 718.0 719.0 719.0 718.0 718.0 718.0 719.0 720.0 721.0 724.0 727.0 732.0 737.0 743.0 748.0 753.0 757.0 761.0 766.0 770.0 774.0 779.0 784.0 788.0 792.0 795.0 797.0 798.0 798.0 797.0 796.0 795.0 794.0 794.0 795.0 797.0 800.0 803.0 805.0 806.0 811.0 814.0 -9999 -9999 -9999 -9999 -9999 -9999 -9999 -9999 -9999 -9999 -9999 -9999
-9999 760.0 758.0 755.0 750.0 744.0 737.0 731.0 723.0 714.0 705.0 694.0 684.0 674.0 668.0 678.0 686.0 693.0 693.0 703.0 710.0 715.0 719.0 721.0 722.0 722.0 722.0 722.0 722.0 722.0 723.0 724.0 726.0 729.0 734.0 739.0 745.0 751.0 757.0 762.0 766.0 771.0 776.0 781.0 786.0 791.0 795.0 799.0 801.0 803.0 803.0 803.0 802.0 801.0 799.0 798.0 798.0 799.0 801.0 804.0 807.0 809.0 811.0 815.0 815.0 819.0 -9999 -9999 -9999 -9999 -9999 -9999 -9999 -9999 -9999 -9999 -9999
-9999 760.0 757.0 752.0 746.0 740.0 733.0 726.0 719.0 710.0 700.0 690.0 679.0 670.0 670.0 683.0 692.0 698.0 701.0 706.0 712.0 718.0 721.0 724.0 725.0 725.0 725.0 725.0 725.0 725.0 725.0 725.0 727.0 731.0 735.0 740.0 746.0 752.0 758.0 764.0 769.0 775.0 781.0 786.0 791.0 796.0 800.0 803.0 806.0 807.0 808.0 808.0 807.0 805.0 804.0 802.0 802.0 804.0 806.0 809.0 812.0 815.0 816.0 815.0 814.0 819.0 825.0 -9999 -9999 -9999 -9999 -9999 -9999 -9999 -9999 -9999 -9999
762.0 759.0 755.0 749.0 743.0 736.0 729.0 722.0 714.0 705.0 695.0 684.0 673.0 673.0 681.0 691.0 698.0 703.0 706.0 706.0 714.0 719.0 723.0 726.0 727.0 728.0 728.0 728.0 727.0 727.0 725.0 725.0 727.0 731.0 735.0 740.0 746.0 752.0 758.0 764.0 770.0 777.0 783.0 789.0 795.0 800.0 804.0 807.0 810.0 811.0 812.0 812.0 811.0 809.0 807.0 806.0 806.0 808.0 811.0 814.0 818.0 821.0 822.0 822.0 820.0 820.0 827.0 833.0 -9999 -9999 -9999 -9999 -9999 -9999 -9999 -9999 -9999
762.0 759.0 753.0 746.0 739.0 731.0 724.0 716.0 708.0 698.0 688.0 677.0 675.0 682.0 691.0 699.0 705.0 709.0 711.0 711.0 717.0 721.0 725.0 728.0 730.0 730.0 730.0 730.0 731.0 730.0 728.0 725.0 726.0 732.0 736.0 741.0 746.0 751.0 757.0 763.0 770.0 777.0 784.0 790.0 796.0 802.0 806.0 810.0 813.0 815.0 816.0 816.0 814.0 812.0 811.0 810.0 811.0 813.0 816.0 821.0 824.0 828.0 829.0 830.0 830.0 832.0 833.0 834.0 843.0 -9999 -9999 -9999 -9999 -9999 -9999 -9999 -9999
762.0 757.0 751.0 743.0 735.0 726.0 717.0 709.0 701.0 691.0 679.0 677.0 684.0 691.0 699.0 706.0 712.0 716.0 717.0 714.0 720.0 723.0 728.0 731.0 732.0 733.0 733.0 734.0 734.0 734.0 734.0 732.0 732.0 735.0 738.0 742.0 746.0 751.0 756.0 762.0 769.0 776.0 784.0 791.0 798.0 803.0 808.0 812.0 815.0 818.0 819.0 819.0 818.0 816.0 814.0 814.0 815.0 818.0 822.0 827.0 831.0 835.0 837.0 839.0 839.0 837.0 830.0 830.0 848.0 855.0 -9999 -9999 -9999 -9999 -9999 -9999 -9999
762.0 756.0 748.0 739.0 729.0 718.0 707.0 700.0 693.0 683.0 679.0 686.0 693.0 699.0 706.0 713.0 719.0 724.0 725.0 725.0 724.0 724.0 730.0 734.0 735.0 736.0 737.0 738.0 738.0 739.0 739.0 738.0 737.0 739.0 741.0 744.0 747.0 751.0 756.0 762.0 768.0 776.0 784.0 792.0 799.0 805.0 810.0 815.0 818.0 821.0 822.0 822.0 821.0 819.0 818.0 818.0 820.0 824.0 829.0 834.0 839.0 843.0 845.0 847.0 848.0 849.0 848.0 850.0 856.0 855.0 872.0 887.0 -9999 -9999 -9999 -9999 -9999
760.0 753.0 744.0 734.0 722.0 709.0 692.0 689.0 686.0 683.0 691.0 697.0 702.0 707.0 713.0 720.0 726.0 731.0 734.0 734.0 734.0 734.0 736.0 738.0 739.0 740.0 740.0 741.0 742.0 743.0 744.0 743.0 741.0 741.0 744.0 746.0 749.0 753.0 757.0 763.0 769.0 777.0 785.0 794.0 801.0 807.0 813.0 817.0 821.0 824.0 825.0 826.0 824.0 823.0 822.0 822.0 825.0 829.0 835.0 840.0 845.0 850.0 854.0 856.0 859.0 861.0 863.0 866.0 871.0 874.0 881.0 900.0 906.0 -9999 -9999 -9999 -9999
757.0 749.0 739.0 728.0 714.0 702.0 695.0 698.0 699.0 700.0 704.0 707.0 711.0 715.0 720.0 726.0 732.0 738.0 742.0 743.0 742.0 741.0 741.0 742.0 742.0 743.0 744.0 745.0 746.0 747.0 748.0 747.0 746.0 745.0 747.0 749.0 752.0 756.0 760.0 765.0 771.0 779.0 787.0 796.0 803.0 810.0 815.0 820.0 824.0 827.0 829.0 829.0 828.0 826.0 826.0 827.0 830.0 835.0 841.0 846.0 852.0 857.0 861.0 865.0 868.0 872.0 877.0 881.0 886.0 891.0 898.0 908.0 908.0 918.0 934.0 -9999 -9999
751.0 742.0 732.0 721.0 702.0 702.0 706.0 710.0 712.0 713.0 715.0 717.0 719.0 721.0 725.0 731.0 738.0 744.0 749.0 750.0 750.0 748.0 747.0 746.0 747.0 747.0 748.0 749.0 750.0 751.0 752.0 752.0 751.0 749.0 751.0 753.0 756.0 759.0 763.0 768.0 774.0 781.0 790.0 798.0 806.0 812.0 818.0 822.0 826.0 829.0 831.0 832.0 831.0 829.0 829.0 831.0 835.0 840.0 846.0 852.0 858.0 864.0 868.0 873.0 878.0 883.0 889.0 895.0 901.0 906.0 910.0 914.0 911.0 911.0 935.0 955.0 972.0
743.0 735.0 724.0 720.0 707.0 710.0 716.0 720.0 723.0 724.0 725.0 725.0 726.0 728.0 731.0 736.0 743.0 750.0 755.0 757.0 757.0 755.0 753.0 752.0 751.0 751.0 752.0 753.0 754.0 755.0 756.0 755.0 754.0 753.0 754.0 757.0 760.0 763.0 767.0 772.0 777.0 784.0 792.0 800.0 807.0 814.0 820.0 825.0 828.0 831.0 833.0 833.0 833.0 832.0 833.0 835.0 840.0 846.0 852.0 858.0 864.0 870.0 875.0 881.0 887.0 893.0 901.0 908.0 914.0 919.0 923.0 925.0 923.0 916.0 938.0 959.0 977.0
734.0 731.0 724.0 719.0 710.0 717.0 724.0 729.0 732.0 733.0 733.0 733.0 732.0 733.0 736.0 741.0 747.0 755.0 761.0 764.0 764.0 762.0 759.0 758.0 757.0 756.0 757.0 757.0 758.0 759.0 759.0 759.0 758.0 756.0 756.0 759.0 763.0 767.0 771.0 775.0 781.0 787.0 794.0 802.0 809.0 815.0 821.0 826.0 829.0 832.0 834.0 834.0 834.0 834.0 835.0 839.0 845.0 851.0 858.0 864.0 870.0 876.0 881.0 888.0 894.0 902.0 911.0 919.0 926.0 932.0 937.0 939.0 937.0 927.0 940.0 963.0 982.0
739.0 737.0 731.0 724.0 714.0 723.0 731.0 736.0 739.0 740.0 740.0 739.0 738.0 739.0 741.0 746.0 752.0 759.0 766.0 770.0 770.0 769.0 766.0 764.0 763.0 762.0 762.0 762.0 763.0 763.0 763.0 763.0 761.0 760.0 759.0 762.0 766.0 770.0 773.0 778.0 783.0 790.0 796.0 803.0 810.0 816.0 821.0 826.0 830.0 832.0 833.0 834.0 834.0 835.0 838.0 843.0 850.0 857.0 863.0 870.0 875.0 881.0 887.0 894.0 901.0 910.0 919.0 928.0 936.0 944.0 950.0 954.0 956.0 955.0 960.0 972.0 986.0
748.0 744.0 738.0 730.0 720.0 728.0 736.0 742.0 746.0 747.0 746.0 745.0 745.0 745.0 747.0 751.0 757.0 764.0 771.0 775.0 777.0 776.0 774.0 772.0 770.0 769.0 768.0 768.0 768.0 768.0 767.0 767.0 765.0 763.0 761.0 765.0 768.0 772.0 775.0 780.0 785.0 791.0 797.0 804.0 810.0 815.0 821.0 825.0 828.0 831.0 832.0 833.0 834.0 836.0 841.0 847.0 854.0 862.0 869.0 875.0 880.0 886.0 892.0 899.0 907.0 916.0 926.0 935.0 945.0 954.0 962.0 969.0 974.0 975.0 976.0 976.0 989.0
758.0 752.0 744.0 735.0 724.0 732.0 741.0 747.0 751.0 753.0 753.0 752.0 752.0 752.0 754.0 757.0 762.0 769.0 776.0 781.0 783.0 783.0 782.0 780.0 778.0 777.0 776.0 775.0 774.0 773.0 772.0 771.0 769.0 768.0 767.0 767.0 770.0 773.0 776.0 780.0 785.0 791.0 797.0 803.0 809.0 814.0 819.0 823.0 827.0 829.0 831.0 833.0 835.0 838.0 844.0 851.0 859.0 867.0 873.0 879.0 885.0 890.0 897.0 904.0 912.0 921.0 931.0 941.0 952.0 963.0 973.0 982.0 989.0 993.0 993.0 988.0 988.0
767.0 760.0 751.0 741.0 728.0 735.0 744.0 751.0 756.0 759.0 759.0 759.0 759.0 760.0 761.0 764.0 770.0 776.0 783.0 788.0 790.0 791.0 790.0 789.0 787.0 786.0 784.0 783.0 782.0 780.0 778.0 776.0 774.0 772.0 770.0 767.0 770.0 774.0 775.0 779.0 783.0 789.0 795.0 801.0 807.0 812.0 817.0 821.0 825.0 828.0 830.0 833.0 836.0 840.0 847.0 854.0 863.0 870.0 877.0 883.0 889.0 894.0 901.0 909.0 917.0 926.0 936.0 947.0 959.0 971.0 983.0 995.0 1004.0 1010.0 1011.0 1007.0 1003.0
775.0 767.0 758.0 747.0 733.0 734.0 746.0 755.0 761.0 764.0 766.0 767.0 767.0 768.0 770.0 773.0 778.0 785.0 791.0 796.0 799.0 800.0 799.0 798.0 797.0 796.0 794.0 792.0 790.0 788.0 785.0 782.0 779.0 777.0 775.0 774.0 774.0 776.0 775.0 776.0 778.0 785.0 791.0 796.0 804.0 809.0 815.0 820.0 824.0 827.0 830.0 833.0 838.0 843.0 849.0 857.0 866.0 874.0 880.0 886.0 892.0 899.0 906.0 914.0 923.0 932.0 943.0 954.0 967.0 980.0 995.0 1008.0 1020.0 1027.0 1029.0 1025.0 1014.0
782.0 774.0 766.0 756.0 745.0 738.0 749.0 759.0 766.0 770.0 772.0 774.0 775.0 776.0 778.0 783.0 788.0 795.0 801.0 806.0 808.0 809.0 809.0 809.0 808.0 806.0 805.0 803.0 800.0 796.0 793.0 789.0 785.0 782.0 780.0 779.0 778.0 779.0 779.0 780.0 778.0 782.0 785.0 787.0 803.0 809.0 815.0 820.0 824.0 828.0 831.0 835.0 840.0 845.0 852.0 860.0 868.0 876.0 883.0 890.0 897.0 904.0 911.0 920.0 929.0 939.0 950.0 962.0 976.0 992.0 1008.0 1024.0 1037.0 1046.0 1049.0 1048.0 1042.0
790.0 782.0 773.0 763.0 752.0 742.0 754.0 763.0 771.0 776.0 779.0 781.0 782.0 784.0 788.0 792.0 798.0 805.0 810.0 815.0 818.0 819.0 819.0 819.0 818.0 817.0 815.0 813.0 809.0 805.0 801.0 796.0 792.0 789.0 786.0 784.0 782.0 783.0 784.0 785.0 786.0 789.0 792.0 796.0 803.0 810.0 816.0 821.0 826.0 829.0 833.0 837.0 842.0 848.0 855.0 862.0 870.0 878.0 886.0 893.0 901.0 909.0 917.0 926.0 935.0 946.0 958.0 971.0 987.0 1004.0 1023.0 1041.0 1055.0 1066.0 1071.0 1070.0 1064.0
798.0 789.0 780.0 769.0 757.0 749.0 760.0 769.0 776.0 782.0 785.0 788.0 790.0 793.0 797.0 802.0 808.0 814.0 819.0 823.0 826.0 828.0 829.0 829.0 828.0 827.0 825.0 822.0 818.0 813.0 808.0 804.0 799.0 794.0 790.0 788.0 787.0 788.0 789.0 791.0 793.0 795.0 798.0 801.0 806.0 812.0 818.0 823.0 828.0 832.0 836.0 841.0 846.0 852.0 858.0 865.0 873.0 881.0 889.0 897.0 906.0 914.0 923.0 932.0 942.0 953.0 966.0 980.0 998.0 1017.0 1038.0 1058.0 1074.0 1086.0 1093.0 1095.0 1092.0
807.0 797.0 786.0 773.0 757.0 757.0 767.0 775.0 783.0 789.0 793.0 796.0 799.0 803.0 808.0 813.0 818.0 823.0 827.0 832.0 835.0 837.0 839.0 839.0 839.0 837.0 835.0 831.0 827.0 822.0 816.0 811.0 805.0 799.0 793.0 790.0 788.0 791.0 794.0 796.0 798.0 801.0 803.0 806.0 810.0 815.0 821.0 826.0 831.0 836.0 840.0 844.0 850.0 857.0 861.0 869.0 875.0 883.0 892.0 901.0 910.0 919.0 928.0 938.0 948.0 960.0 974.0 989.0 1008.0 1029.0 1051.0 1073.0 1091.0 1105.0 1114.0 1119.0 1118.0
815.0 805.0 793.0 777.0 759.0 766.0 774.0 783.0 790.0 797.0 801.0 806.0 810.0 814.0 819.0 824.0 828.0 832.0 836.0 840.0 844.0 847.0 849.0 850.0 849.0 848.0 845.0 841.0 836.0 830.0 824.0 818.0 811.0 803.0 794.0 792.0 795.0 797.0 799.0 801.0 803.0 806.0 808.0 811.0 814.0 818.0 824.0 830.0 835.0 839.0 844.0 848.0 853.0 857.0 861.0 874.0 879.0 887.0 896.0 906.0 915.0 924.0 934.0 944.0 955.0 967.0 981.0 998.0 1018.0 1040.0 1063.0 1085.0 1105.0 1122.0 1134.0 1142.0 1143.0
822.0 812.0 799.0 784.0 764.0 774.0 782.0 791.0 799.0 805.0 811.0 816.0 821.0 826.0 831.0 836.0 840.0 843.0 846.0 850.0 854.0 857.0 859.0 861.0 860.0 858.0 855.0 850.0 844.0 838.0 832.0 825.0 817.0 808.0 798.0 799.0 801.0 802.0 804.0 806.0 808.0 810.0 812.0 815.0 818.0 823.0 828.0 833.0 838.0 843.0 847.0 851.0 856.0 861.0 866.0 874.0 879.0 891.0 902.0 912.0 921.0 930.0 939.0 950.0 961.0 974.0 989.0 1006.0 1026.0 1049.0 1072.0 1095.0 1117.0 1136.0 1152.0 1162.0 1166.0
829.0 819.0 806.0 792.0 775.0 783.0 791.0 800.0 808.0 815.0 821.0 827.0 832.0 838.0 844.0 849.0 853.0 855.0 858.0 861.0 864.0 868.0 871.0 872.0 871.0 869.0 864.0 859.0 853.0 846.0 839.0 831.0 821.0 811.0 803.0 806.0 807.0 809.0 810.0 811.0 813.0 814.0 817.0 820.0 823.0 827.0 831.0 836.0 841.0 846.0 850.0 854.0 859.0 864.0 869.0 875.0 879.0 898.0 911.0 919.0 927.0 935.0 945.0 955.0 967.0 980.0 996.0 1013.0 1033.0 1056.0 1079.0 1102.0 1125.0 1147.0 1166.0 1179.0 1185.0
836.0 825.0 813.0 799.0 783.0 791.0 800.0 809.0 817.0 825.0 832.0 838.0 844.0 851.0 857.0 862.0 866.0 869.0 871.0 873.0 876.0 879.0 882.0 883.0 882.0 879.0 874.0 868.0 861.0 853.0 845.0 836.0 825.0 812.0 812.0 813.0 814.0 816.0 816.0 817.0 818.0 819.0 821.0 824.0 827.0 830.0 834.0 839.0 844.0 848.0 853.0 857.0 862.0 866.0 872.0 879.0 887.0 899.0 911.0 928.0 933.0 941.0 950.0 960.0 971.0 985.0 1001.0 1019.0 1039.0 1061.0 1083.0 1106.0 1130.0 1154.0 1176.0 1192.0 1200.0
842.0 832.0 820.0 805.0 790.0 799.0 809.0 819.0 827.0 835.0 842.0 849.0 856.0 863.0 870.0 877.0 881.0 883.0 884.0 885.0 887.0 891.0 893.0 895.0 893.0 890.0 884.0 877.0 869.0 860.0 851.0 841.0 830.0 819.0 819.0 820.0 822.0 823.0 823.0 824.0 824.0 825.0 826.0 828.0 831.0 834.0 838.0 842.0 846.0 851.0 855.0 860.0 864.0 869.0 875.0 882.0 891.0 902.0 914.0 928.0 937.0 945.0 955.0 961.0 971.0 987.0 1004.0 1022.0 1042.0 1063.0 1084.0 1106.0 1130.0 1157.0 1181.0 1200.0 1211.0
849.0 838.0 826.0 811.0 796.0 807.0 818.0 828.0 837.0 846.0 853.0 860.0 868.0 876.0 884.0 891.0 895.0 898.0 898.0 898.0 900.0 903.0 905.0 906.0 904.0 900.0 893.0 885.0 876.0 866.0 856.0 846.0 835.0 822.0 825.0 827.0 829.0 830.0 830.0 831.0 830.0 831.0 831.0 833.0 835.0 838.0 841.0 845.0 849.0 853.0 858.0 862.0 867.0 872.0 878.0 886.0 895.0 906.0 917.0 929.0 939.0 948.0 955.0 958.0 965.0 987.0 1004.0 1022.0 1042.0 1063.0 1083.0 1102.0 1124.0 1155.0 1183.0 1205.0 1218.0
855.0 844.0 831.0 817.0 803.0 816.0 827.0 838.0 848.0 856.0 864.0 872.0 880.0 889.0 897.0 904.0 909.0 911.0 912.0 912.0 913.0 915.0 917.0 917.0 914.0 909.0 901.0 892.0 882.0 872.0 862.0 851.0 840.0 828.0 832.0 835.0 836.0 837.0 838.0 838.0 837.0 837.0 837.0 838.0 840.0 842.0 845.0 848.0 852.0 856.0 861.0 865.0 870.0 875.0 882.0 890.0 899.0 910.0 921.0 932.0 943.0 953.0 962.0 971.0 986.0 993.0 1001.0 1021.0 1041.0 1061.0 1079.0 1093.0 1108.0 1153.0 1185.0 1208.0 1223.0
860.0 848.0 834.0 820.0 810.0 824.0 837.0 848.0 858.0 867.0 875.0 883.0 892.0 900.0 909.0 917.0 922.0 925.0 925.0 925.0 926.0 927.0 928.0 927.0 923.0 917.0 908.0 898.0 888.0 877.0 866.0 856.0 846.0 835.0 838.0 841.0 843.0 844.0 845.0 845.0 844.0 844.0 843.0 843.0 845.0 847.0 849.0 852.0 856.0 859.0 864.0 868.0 873.0 879.0 886.0 894.0 903.0 914.0 925.0 936.0 947.0 957.0 968.0 978.0 989.0 998.0 1006.0 1018.0 1037.0 1060.0 1078.0 1083.0 1122.0 1160.0 1190.0 1212.0 1228.0
