data/PosinaDailyOneYear/30/dem_30.asc
NCOLS 582
NROWS 339
XLLCORNER 1668940.0
YLLCORNER 5070820.0
CELLSIZE 20.0
NODATA_VALUE -9999
[rows 204 to 237 of 339, columns 308 to 384 of 582]
-9999 -9999 -9999 -9999 -9999 -9999 -9999 -9999 -9999 -9999 -9999 -9999 -9999 -9999 -9999 -9999 -9999 -9999 -9999 -9999 -9999 -9999 -9999 -9999 -9999 -9999 646.0 642.0 635.0 627.0 618.0 610.0 604.0 599.0 596.0 594.0 594.0 592.0 589.0 583.0 576.0 568.0 562.0 556.0 551.0 548.0 545.0 542.0 540.0 537.0 534.0 531.0 527.0 524.0 522.0 519.0 515.0 515.0 512.0 511.0 510.0 510.0 507.0 505.0 504.0 505.0 507.0 508.0 510.0 512.0 515.0 519.0 523.0 528.0 534.0 541.0 549.0
-9999 -9999 -9999 -9999 -9999 -9999 -9999 -9999 -9999 -9999 -9999 -9999 -9999 -9999 -9999 -9999 -9999 -9999 -9999 -9999 -9999 -9999 -9999 -9999 -9999 -9999 643.0 639.0 633.0 625.0 617.0 609.0 601.0 595.0 592.0 590.0 590.0 589.0 585.0 580.0 574.0 567.0 560.0 554.0 549.0 546.0 543.0 541.0 539.0 536.0 533.0 530.0 527.0 523.0 519.0 517.0 515.0 515.0 514.0 512.0 511.0 509.0 507.0 504.0 504.0 506.0 509.0 511.0 513.0 515.0 518.0 522.0 526.0 531.0 537.0 544.0 551.0
-9999 -9999 -9999 -9999 -9999 -9999 -9999 -9999 -9999 -9999 -9999 -9999 -9999 -9999 -9999 -9999 -9999 -9999 -9999 -9999 -9999 -9999 -9999 -9999 -9999 -9999 638.0 634.0 629.0 622.0 615.0 607.0 599.0 592.0 588.0 586.0 585.0 583.0 580.0 576.0 570.0 564.0 558.0 552.0 547.0 544.0 541.0 539.0 537.0 535.0 532.0 529.0 526.0 523.0 520.0 518.0 517.0 516.0 515.0 514.0 512.0 509.0 507.0 505.0 504.0 508.0 511.0 513.0 516.0 518.0 521.0 525.0 530.0 535.0 541.0 547.0 554.0
-9999 -9999 -9999 -9999 -9999 -9999 -9999 -9999 -9999 -9999 -9999 -9999 -9999 -9999 -9999 -9999 -9999 -9999 -9999 -9999 -9999 -9999 -9999 -9999 -9999 -9999 630.0 627.0 623.0 617.0 611.0 605.0 597.0 591.0 585.0 582.0 579.0 577.0 574.0 570.0 565.0 560.0 555.0 549.0 545.0 542.0 539.0 537.0 535.0 533.0 531.0 528.0 525.0 523.0 521.0 519.0 518.0 516.0 516.0 515.0 513.0 510.0 506.0 506.0 508.0 511.0 514.0 516.0 519.0 522.0 525.0 529.0 533.0 539.0 545.0 551.0 558.0
-9999 -9999 -9999 -9999 -9999 -9999 -9999 -9999 -9999 -9999 -9999 -9999 -9999 -9999 -9999 -9999 -9999 -9999 -9999 -9999 -9999 -9999 -9999 -9999 -9999 -9999 622.0 619.0 615.0 611.0 606.0 601.0 595.0 589.0 583.0 579.0 575.0 571.0 567.0 563.0 559.0 555.0 551.0 547.0 543.0 540.0 537.0 535.0 533.0 531.0 529.0 527.0 524.0 522.0 520.0 519.0 517.0 517.0 516.0 516.0 514.0 511.0 506.0 504.0 510.0 514.0 517.0 520.0 523.0 526.0 529.0 533.0 537.0 543.0 549.0 556.0 563.0
-9999 -9999 -9999 -9999 -9999 -9999 -9999 -9999 -9999 -9999 -9999 -9999 -9999 -9999 -9999 -9999 -9999 -9999 -9999 -9999 -9999 -9999 -9999 -9999 -9999 -9999 613.0 609.0 606.0 603.0 599.0 596.0 592.0 587.0 582.0 577.0 571.0 567.0 562.0 558.0 554.0 551.0 547.0 543.0 540.0 537.0 535.0 534.0 532.0 529.0 527.0 525.0 523.0 521.0 519.0 518.0 516.0 516.0 516.0 516.0 516.0 513.0 508.0 510.0 515.0 518.0 522.0 524.0 527.0 530.0 533.0 537.0 542.0 547.0 553.0 560.0 568.0
-9999 -9999 -9999 -9999 -9999 -9999 -9999 -9999 -9999 -9999 -9999 -9999 -9999 -9999 -9999 -9999 -9999 -9999 -9999 -9999 -9999 -9999 -9999 -9999 -9999 -9999 603.0 600.0 596.0 594.0 592.0 590.0 587.0 584.0 580.0 574.0 569.0 563.0 558.0 554.0 550.0 547.0 543.0 540.0 538.0 535.0 533.0 532.0 530.0 528.0 525.0 523.0 521.0 520.0 518.0 517.0 516.0 516.0 516.0 516.0 516.0 516.0 508.0 515.0 519.0 523.0 526.0 529.0 532.0 535.0 538.0 542.0 547.0 552.0 558.0 565.0 573.0
-9999 -9999 -9999 -9999 -9999 -9999 -9999 -9999 -9999 -9999 -9999 -9999 -9999 -9999 -9999 -9999 -9999 -9999 -9999 -9999 -9999 -9999 -9999 -9999 -9999 -9999 593.0 590.0 587.0 585.0 584.0 582.0 581.0 579.0 576.0 571.0 565.0 559.0 555.0 550.0 546.0 543.0 540.0 538.0 535.0 533.0 531.0 530.0 528.0 525.0 523.0 521.0 519.0 518.0 516.0 516.0 516.0 516.0 516.0 516.0 516.0 516.0 511.0 520.0 524.0 528.0 531.0 534.0 536.0 539.0 543.0 547.0 552.0 557.0 563.0 570.0 578.0
-9999 -9999 -9999 -9999 -9999 -9999 -9999 -9999 -9999 -9999 -9999 -9999 -9999 -9999 -9999 -9999 -9999 -9999 -9999 -9999 -9999 -9999 -9999 -9999 -9999 -9999 583.0 581.0 578.0 577.0 576.0 575.0 574.0 573.0 570.0 566.0 560.0 555.0 551.0 547.0 543.0 540.0 538.0 535.0 533.0 531.0 529.0 528.0 526.0 523.0 520.0 517.0 517.0 517.0 516.0 516.0 516.0 516.0 516.0 516.0 516.0 516.0 519.0 525.0 529.0 533.0 536.0 538.0 541.0 544.0 547.0 552.0 557.0 562.0 568.0 575.0 583.0
-9999 -9999 -9999 -9999 -9999 -9999 -9999 -9999 -9999 -9999 -9999 -9999 -9999 -9999 -9999 -9999 -9999 -9999 -9999 -9999 -9999 -9999 -9999 -9999 -9999 -9999 574.0 572.0 570.0 569.0 568.0 567.0 566.0 565.0 563.0 559.0 555.0 551.0 547.0 543.0 540.0 537.0 535.0 533.0 531.0 529.0 527.0 525.0 523.0 521.0 518.0 517.0 517.0 517.0 517.0 517.0 516.0 516.0 516.0 516.0 516.0 516.0 523.0 529.0 533.0 536.0 540.0 542.0 545.0 548.0 552.0 557.0 562.0 567.0 573.0 581.0 589.0
-9999 -9999 -9999 -9999 -9999 -9999 -9999 -9999 -9999 -9999 -9999 -9999 -9999 -9999 -9999 -9999 -9999 -9999 -9999 -9999 -9999 -9999 -9999 -9999 -9999 -9999 566.0 564.0 562.0 561.0 561.0 560.0 559.0 558.0 556.0 553.0 550.0 546.0 543.0 540.0 537.0 535.0 533.0 531.0 529.0 527.0 525.0 523.0 521.0 518.0 518.0 518.0 518.0 517.0 517.0 517.0 517.0 516.0 516.0 516.0 521.0 525.0 529.0 534.0 537.0 540.0 543.0 546.0 549.0 553.0 557.0 561.0 567.0 573.0 579.0 587.0 595.0
-9999 -9999 -9999 -9999 -9999 -9999 -9999 -9999 -9999 -9999 -9999 -9999 -9999 -9999 -9999 -9999 -9999 -9999 -9999 -9999 -9999 -9999 -9999 -9999 -9999 -9999 558.0 557.0 556.0 555.0 554.0 553.0 552.0 551.0 550.0 547.0 545.0 542.0 539.0 537.0 535.0 532.0 530.0 528.0 526.0 525.0 523.0 521.0 519.0 518.0 518.0 519.0 519.0 519.0 520.0 521.0 522.0 523.0 524.0 526.0 529.0 532.0 535.0 537.0 540.0 543.0 547.0 551.0 554.0 558.0 562.0 567.0 572.0 579.0 586.0 593.0 602.0
-9999 -9999 -9999 -9999 -9999 -9999 -9999 -9999 -9999 -9999 -9999 -9999 -9999 -9999 -9999 -9999 -9999 -9999 -9999 -9999 -9999 -9999 -9999 -9999 -9999 -9999 553.0 552.0 551.0 550.0 549.0 548.0 547.0 546.0 544.0 542.0 540.0 538.0 536.0 534.0 532.0 530.0 528.0 526.0 524.0 522.0 520.0 520.0 519.0 518.0 519.0 520.0 521.0 522.0 524.0 526.0 528.0 530.0 532.0 534.0 536.0 538.0 540.0 541.0 543.0 547.0 551.0 555.0 559.0 563.0 567.0 572.0 578.0 584.0 592.0 600.0 608.0
-9999 -9999 -9999 -9999 -9999 -9999 -9999 -9999 -9999 -9999 -9999 -9999 -9999 -9999 -9999 -9999 -9999 -9999 -9999 -9999 -9999 -9999 -9999 -9999 -9999 -9999 547.0 547.0 546.0 545.0 544.0 543.0 542.0 541.0 539.0 538.0 536.0 534.0 532.0 531.0 529.0 527.0 526.0 524.0 522.0 520.0 520.0 520.0 520.0 520.0 521.0 522.0 523.0 525.0 528.0 531.0 534.0 537.0 539.0 541.0 543.0 543.0 544.0 543.0 546.0 550.0 554.0 559.0 563.0 567.0 572.0 577.0 583.0 590.0 598.0 606.0 615.0
-9999 -9999 -9999 -9999 -9999 -9999 -9999 -9999 -9999 -9999 -9999 -9999 -9999 -9999 -9999 -9999 -9999 -9999 -9999 -9999 -9999 -9999 -9999 -9999 -9999 -9999 543.0 542.0 541.0 541.0 540.0 539.0 538.0 537.0 535.0 534.0 532.0 530.0 529.0 528.0 526.0 525.0 523.0 522.0 520.0 520.0 520.0 521.0 522.0 522.0 524.0 525.0 527.0 530.0 533.0 537.0 540.0 543.0 545.0 547.0 547.0 548.0 547.0 547.0 547.0 552.0 557.0 562.0 567.0 572.0 577.0 583.0 589.0 596.0 604.0 612.0 621.0
-9999 -9999 -9999 -9999 -9999 -9999 -9999 -9999 -9999 -9999 -9999 -9999 -9999 -9999 -9999 -9999 -9999 -9999 -9999 -9999 -9999 -9999 -9999 -9999 -9999 -9999 538.0 538.0 538.0 537.0 536.0 535.0 534.0 533.0 532.0 530.0 529.0 527.0 526.0 525.0 524.0 522.0 520.0 520.0 520.0 522.0 523.0 523.0 524.0 526.0 527.0 529.0 532.0 535.0 539.0 542.0 545.0 548.0 550.0 551.0 551.0 551.0 550.0 549.0 548.0 555.0 560.0 566.0 571.0 577.0 582.0 589.0 595.0 603.0 610.0 619.0 628.0
-9999 -9999 -9999 -9999 -9999 -9999 -9999 -9999 -9999 -9999 -9999 -9999 -9999 -9999 -9999 -9999 -9999 -9999 -9999 -9999 -9999 -9999 -9999 -9999 -9999 -9999 534.0 534.0 534.0 534.0 533.0 532.0 531.0 530.0 528.0 527.0 526.0 523.0 523.0 523.0 523.0 522.0 522.0 522.0 523.0 524.0 525.0 527.0 528.0 530.0 532.0 535.0 537.0 541.0 544.0 547.0 550.0 552.0 553.0 554.0 554.0 553.0 553.0 552.0 553.0 558.0 564.0 569.0 575.0 581.0 588.0 594.0 601.0 609.0 617.0 625.0 634.0
-9999 -9999 -9999 -9999 -9999 -9999 -9999 -9999 -9999 -9999 -9999 -9999 -9999 -9999 -9999 -9999 -9999 -9999 -9999 -9999 -9999 -9999 -9999 -9999 -9999 -9999 531.0 532.0 532.0 531.0 530.0 529.0 528.0 527.0 525.0 525.0 523.0 523.0 524.0 523.0 523.0 523.0 524.0 525.0 526.0 528.0 529.0 530.0 532.0 534.0 537.0 540.0 542.0 545.0 549.0 551.0 554.0 555.0 557.0 557.0 557.0 556.0 555.0 554.0 554.0 561.0 567.0 573.0 579.0 586.0 593.0 600.0 607.0 615.0 623.0 632.0 641.0
-9999 -9999 -9999 -9999 -9999 -9999 -9999 -9999 -9999 -9999 -9999 -9999 -9999 -9999 -9999 -9999 -9999 -9999 -9999 -9999 -9999 -9999 -9999 -9999 -9999 529.0 529.0 530.0 530.0 529.0 529.0 527.0 526.0 526.0 525.0 525.0 524.0 525.0 526.0 525.0 525.0 524.0 526.0 528.0 530.0 531.0 533.0 535.0 537.0 539.0 541.0 544.0 547.0 550.0 553.0 556.0 558.0 560.0 560.0 561.0 560.0 558.0 556.0 554.0 559.0 565.0 571.0 577.0 584.0 591.0 598.0 606.0 613.0 621.0 629.0 638.0 647.0
-9999 -9999 -9999 -9999 -9999 -9999 -9999 -9999 -9999 -9999 -9999 -9999 -9999 -9999 -9999 -9999 -9999 -9999 -9999 -9999 -9999 -9999 -9999 -9999 -9999 531.0 529.0 530.0 528.0 528.0 528.0 527.0 526.0 530.0 530.0 530.0 529.0 529.0 528.0 527.0 526.0 525.0 529.0 532.0 534.0 536.0 539.0 540.0 542.0 543.0 545.0 548.0 550.0 554.0 557.0 560.0 562.0 564.0 565.0 565.0 563.0 561.0 558.0 555.0 562.0 568.0 575.0 581.0 588.0 596.0 603.0 611.0 619.0 627.0 635.0 644.0 654.0
-9999 -9999 -9999 -9999 -9999 -9999 -9999 -9999 -9999 -9999 -9999 -9999 -9999 -9999 -9999 -9999 -9999 -9999 -9999 -9999 -9999 -9999 -9999 -9999 534.0 534.0 533.0 528.0 528.0 527.0 527.0 533.0 535.0 536.0 536.0 536.0 534.0 533.0 531.0 529.0 527.0 525.0 532.0 536.0 539.0 542.0 545.0 546.0 547.0 548.0 549.0 551.0 554.0 557.0 561.0 564.0 567.0 569.0 569.0 569.0 567.0 563.0 560.0 555.0 565.0 572.0 579.0 586.0 593.0 601.0 609.0 617.0 626.0 634.0 642.0 651.0 661.0
-9999 -9999 -9999 -9999 -9999 -9999 -9999 -9999 -9999 -9999 -9999 -9999 -9999 -9999 -9999 -9999 -9999 -9999 -9999 -9999 -9999 -9999 -9999 535.0 534.0 537.0 537.0 536.0 536.0 536.0 538.0 541.0 543.0 544.0 543.0 542.0 540.0 538.0 535.0 531.0 532.0 534.0 539.0 542.0 545.0 548.0 551.0 552.0 552.0 552.0 552.0 554.0 557.0 560.0 564.0 569.0 572.0 574.0 574.0 573.0 570.0 566.0 561.0 561.0 570.0 577.0 584.0 591.0 599.0 607.0 615.0 624.0 632.0 640.0 648.0 658.0 668.0
-9999 -9999 -9999 -9999 -9999 -9999 -9999 -9999 -9999 -9999 -9999 -9999 -9999 -9999 -9999 -9999 -9999 -9999 -9999 -9999 -9999 -9999 -9999 542.0 542.0 543.0 543.0 543.0 543.0 544.0 547.0 550.0 552.0 551.0 550.0 548.0 546.0 543.0 539.0 534.0 537.0 541.0 545.0 548.0 551.0 554.0 557.0 558.0 557.0 556.0 556.0 557.0 560.0 564.0 568.0 573.0 576.0 579.0 579.0 577.0 573.0 567.0 567.0 570.0 576.0 583.0 589.0 597.0 604.0 613.0 621.0 630.0 639.0 647.0 656.0 665.0 676.0
-9999 -9999 -9999 -9999 -9999 -9999 -9999 -9999 -9999 -9999 -9999 -9999 -9999 -9999 -9999 -9999 -9999 -9999 -9999 -9999 -9999 -9999 -9999 550.0 550.0 550.0 550.0 550.0 550.0 552.0 554.0 557.0 559.0 559.0 557.0 555.0 552.0 548.0 543.0 537.0 541.0 545.0 549.0 553.0 557.0 559.0 561.0 562.0 562.0 560.0 560.0 561.0 564.0 567.0 572.0 577.0 581.0 583.0 584.0 582.0 577.0 572.0 573.0 576.0 581.0 587.0 594.0 602.0 610.0 619.0 628.0 637.0 646.0 655.0 663.0 673.0 684.0
-9999 -9999 -9999 -9999 -9999 -9999 -9999 -9999 -9999 -9999 -9999 -9999 -9999 -9999 -9999 -9999 -9999 -9999 -9999 -9999 -9999 -9999 -9999 557.0 557.0 557.0 557.0 557.0 557.0 558.0 561.0 564.0 566.0 567.0 565.0 563.0 559.0 554.0 548.0 539.0 544.0 548.0 553.0 557.0 560.0 563.0 565.0 566.0 565.0 564.0 564.0 565.0 568.0 571.0 576.0 580.0 585.0 588.0 588.0 586.0 582.0 577.0 578.0 581.0 586.0 592.0 599.0 607.0 616.0 625.0 634.0 644.0 653.0 662.0 671.0 682.0 693.0
-9999 -9999 -9999 -9999 -9999 -9999 -9999 -9999 -9999 -9999 -9999 -9999 -9999 -9999 -9999 -9999 -9999 -9999 -9999 -9999 -9999 -9999 -9999 563.0 564.0 564.0 564.0 563.0 563.0 564.0 566.0 570.0 573.0 574.0 573.0 570.0 566.0 560.0 553.0 543.0 546.0 550.0 555.0 559.0 562.0 565.0 568.0 569.0 569.0 569.0 569.0 570.0 573.0 576.0 580.0 585.0 589.0 592.0 592.0 589.0 584.0 580.0 582.0 585.0 590.0 596.0 603.0 612.0 621.0 630.0 640.0 649.0 659.0 669.0 679.0 690.0 701.0
-9999 -9999 -9999 -9999 -9999 -9999 -9999 -9999 -9999 -9999 -9999 -9999 -9999 -9999 -9999 -9999 -9999 -9999 -9999 -9999 -9999 -9999 -9999 -9999 570.0 570.0 570.0 569.0 568.0 569.0 571.0 576.0 580.0 582.0 581.0 578.0 574.0 567.0 558.0 546.0 546.0 551.0 556.0 560.0 564.0 568.0 570.0 572.0 573.0 574.0 575.0 576.0 579.0 581.0 585.0 589.0 593.0 596.0 595.0 591.0 586.0 582.0 585.0 589.0 593.0 599.0 607.0 616.0 625.0 634.0 644.0 654.0 664.0 675.0 686.0 697.0 709.0
-9999 -9999 -9999 -9999 -9999 -9999 -9999 -9999 -9999 -9999 -9999 -9999 -9999 -9999 -9999 -9999 -9999 -9999 -9999 -9999 -9999 -9999 -9999 -9999 575.0 576.0 575.0 575.0 574.0 574.0 577.0 582.0 586.0 589.0 589.0 586.0 581.0 575.0 566.0 557.0 549.0 553.0 558.0 562.0 566.0 570.0 574.0 577.0 579.0 580.0 581.0 583.0 585.0 587.0 591.0 595.0 598.0 599.0 598.0 593.0 585.0 585.0 589.0 592.0 597.0 603.0 610.0 619.0 628.0 638.0 647.0 658.0 668.0 679.0 691.0 703.0 715.0
-9999 -9999 -9999 -9999 -9999 -9999 -9999 -9999 -9999 -9999 -9999 -9999 -9999 -9999 -9999 -9999 -9999 -9999 -9999 -9999 -9999 -9999 -9999 -9999 580.0 581.0 581.0 580.0 579.0 580.0 583.0 588.0 593.0 596.0 597.0 594.0 589.0 582.0 574.0 565.0 554.0 554.0 560.0 564.0 568.0 573.0 577.0 581.0 584.0 587.0 589.0 590.0 592.0 594.0 597.0 600.0 603.0 604.0 601.0 596.0 588.0 590.0 593.0 596.0 600.0 606.0 613.0 621.0 630.0 640.0 650.0 661.0 672.0 683.0 695.0 708.0 720.0
-9999 -9999 -9999 -9999 -9999 -9999 -9999 -9999 -9999 -9999 -9999 -9999 -9999 -9999 -9999 -9999 -9999 -9999 -9999 -9999 -9999 -9999 -9999 -9999 584.0 585.0 585.0 585.0 585.0 586.0 589.0 594.0 600.0 603.0 604.0 602.0 596.0 589.0 581.0 573.0 564.0 558.0 564.0 568.0 571.0 576.0 580.0 585.0 590.0 593.0 596.0 598.0 600.0 601.0 604.0 606.0 608.0 608.0 605.0 600.0 593.0 595.0 598.0 600.0 604.0 609.0 615.0 623.0 632.0 642.0 653.0 664.0 675.0 687.0 699.0 712.0 724.0
-9999 -9999 -9999 -9999 -9999 -9999 -9999 -9999 -9999 -9999 -9999 -9999 -9999 -9999 -9999 -9999 -9999 -9999 -9999 -9999 -9999 -9999 -9999 -9999 -9999 589.0 590.0 590.0 591.0 592.0 596.0 601.0 607.0 610.0 611.0 608.0 603.0 596.0 588.0 579.0 571.0 562.0 570.0 572.0 574.0 578.0 583.0 589.0 594.0 599.0 603.0 606.0 607.0 608.0 610.0 612.0 613.0 612.0 609.0 604.0 598.0 600.0 602.0 604.0 608.0 612.0 618.0 626.0 635.0 645.0 656.0 667.0 678.0 691.0 703.0 716.0 728.0
-9999 -9999 -9999 -9999 -9999 -9999 -9999 -9999 -9999 -9999 -9999 -9999 -9999 -9999 -9999 -9999 -9999 -9999 -9999 -9999 -9999 -9999 -9999 -9999 -9999 593.0 594.0 596.0 597.0 600.0 604.0 609.0 614.0 617.0 617.0 614.0 608.0 601.0 593.0 584.0 575.0 566.0 570.0 574.0 577.0 580.0 585.0 591.0 597.0 604.0 609.0 612.0 614.0 615.0 616.0 617.0 617.0 616.0 613.0 608.0 604.0 605.0 606.0 608.0 611.0 615.0 621.0 629.0 638.0 648.0 659.0 670.0 682.0 694.0 706.0 719.0 731.0
-9999 -9999 -9999 -9999 -9999 -9999 -9999 -9999 -9999 -9999 -9999 -9999 -9999 -9999 -9999 -9999 -9999 -9999 -9999 -9999 -9999 -9999 -9999 -9999 -9999 -9999 598.0 601.0 604.0 607.0 612.0 617.0 621.0 623.0 622.0 618.0 611.0 603.0 595.0 587.0 579.0 570.0 573.0 574.0 578.0 581.0 586.0 593.0 600.0 607.0 613.0 617.0 620.0 620.0 620.0 621.0 620.0 619.0 616.0 612.0 609.0 609.0 610.0 612.0 615.0 619.0 624.0 632.0 640.0 650.0 661.0 673.0 685.0 697.0 710.0 722.0 734.0
-9999 -9999 -9999 -9999 -9999 -9999 -9999 -9999 -9999 -9999 -9999 -9999 -9999 -9999 -9999 -9999 -9999 -9999 -9999 -9999 -9999 -9999 -9999 -9999 -9999 -9999 -9999 606.0 610.0 614.0 619.0 624.0 627.0 627.0 625.0 620.0 613.0 605.0 597.0 589.0 582.0 574.0 577.0 579.0 581.0 581.0 586.0 594.0 602.0 610.0 616.0 621.0 624.0 625.0 625.0 624.0 624.0 622.0 619.0 615.0 612.0 612.0 614.0 616.0 619.0 622.0 628.0 634.0 643.0 653.0 664.0 675.0 687.0 700.0 712.0 724.0 736.0
