data/PosinaDailyOneYear/30/dem_30.asc
NCOLS 582
NROWS 339
XLLCORNER 1668940.0
YLLCORNER 5070820.0
CELLSIZE 20.0
NODATA_VALUE -9999
[rows 238 to 271 of 339, columns 385 to 461 of 582]
750.0 763.0 777.0 793.0 810.0 827.0 842.0 857.0 869.0 880.0 887.0 890.0 889.0 885.0 880.0 873.0 866.0 859.0 852.0 845.0 839.0 834.0 829.0 823.0 818.0 812.0 806.0 801.0 796.0 791.0 787.0 784.0 780.0 778.0 776.0 775.0 776.0 777.0 778.0 779.0 780.0 781.0 780.0 780.0 780.0 780.0 781.0 -9999 -9999 -9999 -9999 -9999 -9999 -9999 -9999 -9999 -9999 -9999 -9999 -9999 -9999 -9999 -9999 -9999 -9999 -9999 -9999 -9999 -9999 -9999 -9999 -9999 -9999 -9999 -9999 -9999 -9999
752.0 766.0 781.0 798.0 816.0 833.0 849.0 863.0 875.0 886.0 894.0 899.0 899.0 897.0 892.0 886.0 879.0 871.0 864.0 857.0 852.0 847.0 842.0 836.0 830.0 824.0 818.0 812.0 806.0 801.0 796.0 792.0 789.0 786.0 784.0 783.0 783.0 784.0 785.0 786.0 787.0 787.0 786.0 785.0 785.0 784.0 785.0 787.0 -9999 -9999 -9999 -9999 -9999 -9999 -9999 -9999 -9999 -9999 -9999 -9999 -9999 -9999 -9999 -9999 -9999 -9999 -9999 -9999 -9999 -9999 -9999 -9999 -9999 -9999 -9999 -9999 -9999
754.0 768.0 785.0 803.0 822.0 839.0 855.0 868.0 881.0 892.0 901.0 907.0 909.0 908.0 904.0 898.0 892.0 884.0 877.0 871.0 865.0 860.0 855.0 850.0 843.0 837.0 830.0 823.0 817.0 811.0 806.0 802.0 798.0 795.0 793.0 791.0 791.0 792.0 793.0 794.0 794.0 794.0 793.0 791.0 790.0 790.0 790.0 791.0 -9999 -9999 -9999 -9999 -9999 -9999 -9999 -9999 -9999 -9999 -9999 -9999 -9999 -9999 -9999 -9999 -9999 -9999 -9999 -9999 -9999 -9999 -9999 -9999 -9999 -9999 -9999 -9999 -9999
755.0 770.0 787.0 807.0 826.0 844.0 859.0 873.0 885.0 897.0 907.0 914.0 918.0 919.0 916.0 911.0 905.0 897.0 891.0 885.0 879.0 874.0 869.0 863.0 856.0 849.0 842.0 835.0 828.0 823.0 817.0 813.0 808.0 805.0 802.0 800.0 800.0 800.0 801.0 801.0 802.0 801.0 800.0 798.0 797.0 796.0 796.0 797.0 799.0 -9999 -9999 -9999 -9999 -9999 -9999 -9999 -9999 -9999 -9999 -9999 -9999 -9999 -9999 -9999 -9999 -9999 -9999 -9999 -9999 -9999 -9999 -9999 -9999 -9999 -9999 -9999 -9999
756.0 772.0 790.0 809.0 828.0 846.0 861.0 875.0 888.0 901.0 912.0 920.0 926.0 929.0 927.0 923.0 917.0 911.0 905.0 899.0 893.0 888.0 882.0 876.0 868.0 861.0 854.0 847.0 840.0 835.0 829.0 824.0 820.0 816.0 812.0 810.0 809.0 809.0 809.0 810.0 810.0 809.0 808.0 806.0 804.0 802.0 802.0 803.0 805.0 807.0 -9999 -9999 -9999 -9999 -9999 -9999 -9999 -9999 -9999 -9999 -9999 -9999 -9999 -9999 -9999 -9999 -9999 -9999 -9999 -9999 -9999 -9999 -9999 -9999 -9999 -9999 -9999
758.0 774.0 791.0 810.0 829.0 847.0 863.0 877.0 891.0 904.0 915.0 925.0 933.0 937.0 938.0 935.0 930.0 924.0 918.0 913.0 907.0 901.0 895.0 888.0 880.0 873.0 866.0 859.0 853.0 847.0 841.0 836.0 831.0 827.0 823.0 821.0 819.0 818.0 818.0 819.0 819.0 818.0 816.0 814.0 812.0 810.0 809.0 810.0 812.0 814.0 -9999 -9999 -9999 -9999 -9999 -9999 -9999 -9999 -9999 -9999 -9999 -9999 -9999 -9999 -9999 -9999 -9999 -9999 -9999 -9999 -9999 -9999 -9999 -9999 -9999 -9999 -9999
760.0 776.0 794.0 812.0 831.0 848.0 865.0 880.0 894.0 907.0 920.0 930.0 939.0 945.0 948.0 947.0 943.0 937.0 932.0 926.0 920.0 914.0 907.0 900.0 892.0 885.0 879.0 872.0 866.0 859.0 853.0 848.0 843.0 839.0 835.0 832.0 830.0 828.0 828.0 828.0 828.0 827.0 825.0 822.0 820.0 818.0 817.0 818.0 819.0 821.0 -9999 -9999 -9999 -9999 -9999 -9999 -9999 -9999 -9999 -9999 -9999 -9999 -9999 -9999 -9999 -9999 -9999 -9999 -9999 -9999 -9999 -9999 -9999 -9999 -9999 -9999 -9999
763.0 779.0 796.0 815.0 833.0 851.0 867.0 883.0 898.0 912.0 924.0 936.0 945.0 953.0 957.0 957.0 955.0 950.0 945.0 939.0 933.0 926.0 919.0 911.0 904.0 898.0 892.0 885.0 879.0 872.0 866.0 860.0 856.0 851.0 848.0 844.0 841.0 839.0 839.0 838.0 837.0 836.0 834.0 831.0 829.0 827.0 826.0 826.0 828.0 829.0 -9999 -9999 -9999 -9999 -9999 -9999 -9999 -9999 -9999 -9999 -9999 -9999 -9999 -9999 -9999 -9999 -9999 -9999 -9999 -9999 -9999 -9999 -9999 -9999 -9999 -9999 -9999
766.0 782.0 800.0 818.0 836.0 854.0 871.0 887.0 903.0 917.0 930.0 941.0 951.0 960.0 965.0 967.0 966.0 963.0 958.0 952.0 946.0 938.0 931.0 923.0 917.0 911.0 905.0 899.0 892.0 885.0 879.0 874.0 869.0 865.0 861.0 857.0 854.0 851.0 850.0 848.0 847.0 845.0 843.0 841.0 839.0 837.0 836.0 836.0 837.0 838.0 -9999 -9999 -9999 -9999 -9999 -9999 -9999 -9999 -9999 -9999 -9999 -9999 -9999 -9999 -9999 -9999 -9999 -9999 -9999 -9999 -9999 -9999 -9999 -9999 -9999 -9999 -9999
770.0 786.0 803.0 821.0 839.0 856.0 874.0 891.0 907.0 922.0 935.0 946.0 957.0 966.0 973.0 977.0 977.0 975.0 971.0 965.0 958.0 950.0 942.0 936.0 930.0 924.0 918.0 912.0 906.0 899.0 893.0 888.0 883.0 879.0 875.0 871.0 867.0 864.0 862.0 859.0 857.0 855.0 853.0 851.0 850.0 848.0 847.0 846.0 847.0 848.0 -9999 -9999 -9999 -9999 -9999 -9999 -9999 -9999 -9999 -9999 -9999 -9999 -9999 -9999 -9999 -9999 -9999 -9999 -9999 -9999 -9999 -9999 -9999 -9999 -9999 -9999 -9999
774.0 790.0 807.0 824.0 841.0 859.0 877.0 895.0 911.0 926.0 939.0 951.0 962.0 971.0 979.0 985.0 987.0 986.0 983.0 977.0 970.0 962.0 955.0 949.0 943.0 938.0 932.0 926.0 920.0 914.0 909.0 903.0 898.0 894.0 890.0 886.0 882.0 878.0 874.0 871.0 868.0 865.0 863.0 862.0 861.0 860.0 859.0 858.0 858.0 859.0 -9999 -9999 -9999 -9999 -9999 -9999 -9999 -9999 -9999 -9999 -9999 -9999 -9999 -9999 -9999 -9999 -9999 -9999 -9999 -9999 -9999 -9999 -9999 -9999 -9999 -9999 -9999
779.0 794.0 811.0 827.0 844.0 861.0 879.0 898.0 915.0 930.0 943.0 954.0 965.0 975.0 984.0 991.0 995.0 996.0 994.0 989.0 982.0 975.0 968.0 963.0 957.0 952.0 946.0 941.0 935.0 930.0 925.0 920.0 915.0 910.0 905.0 901.0 897.0 892.0 888.0 884.0 880.0 877.0 874.0 873.0 873.0 872.0 871.0 870.0 870.0 870.0 -9999 -9999 -9999 -9999 -9999 -9999 -9999 -9999 -9999 -9999 -9999 -9999 -9999 -9999 -9999 -9999 -9999 -9999 -9999 -9999 -9999 -9999 -9999 -9999 -9999 -9999 -9999
783.0 799.0 815.0 831.0 847.0 864.0 882.0 900.0 917.0 932.0 945.0 956.0 966.0 976.0 986.0 995.0 1001.0 1005.0 1004.0 1000.0 994.0 988.0 983.0 978.0 972.0 967.0 961.0 955.0 950.0 946.0 942.0 937.0 931.0 926.0 922.0 917.0 912.0 907.0 902.0 897.0 892.0 889.0 887.0 886.0 886.0 886.0 885.0 884.0 883.0 883.0 -9999 -9999 -9999 -9999 -9999 -9999 -9999 -9999 -9999 -9999 -9999 -9999 -9999 -9999 -9999 -9999 -9999 -9999 -9999 -9999 -9999 -9999 -9999 -9999 -9999 -9999 -9999
788.0 803.0 819.0 835.0 851.0 867.0 884.0 902.0 918.0 932.0 945.0 955.0 965.0 975.0 986.0 996.0 1005.0 1010.0 1012.0 1010.0 1006.0 1002.0 997.0 993.0 988.0 981.0 975.0 970.0 966.0 963.0 960.0 955.0 949.0 944.0 938.0 932.0 926.0 921.0 915.0 910.0 905.0 902.0 901.0 901.0 901.0 901.0 900.0 899.0 898.0 896.0 -9999 -9999 -9999 -9999 -9999 -9999 -9999 -9999 -9999 -9999 -9999 -9999 -9999 -9999 -9999 -9999 -9999 -9999 -9999 -9999 -9999 -9999 -9999 -9999 -9999 -9999 -9999
791.0 806.0 823.0 838.0 854.0 869.0 886.0 902.0 917.0 931.0 942.0 953.0 963.0 973.0 984.0 995.0 1005.0 1013.0 1017.0 1018.0 1017.0 1014.0 1011.0 1007.0 1002.0 996.0 990.0 985.0 983.0 981.0 979.0 975.0 969.0 962.0 955.0 948.0 941.0 934.0 928.0 922.0 917.0 915.0 915.0 916.0 917.0 918.0 917.0 916.0 914.0 912.0 -9999 -9999 -9999 -9999 -9999 -9999 -9999 -9999 -9999 -9999 -9999 -9999 -9999 -9999 -9999 -9999 -9999 -9999 -9999 -9999 -9999 -9999 -9999 -9999 -9999 -9999 -9999
792.0 808.0 825.0 840.0 855.0 870.0 886.0 900.0 914.0 926.0 938.0 948.0 959.0 970.0 981.0 993.0 1004.0 1014.0 1020.0 1024.0 1025.0 1024.0 1023.0 1020.0 1016.0 1009.0 1004.0 1000.0 999.0 999.0 999.0 995.0 989.0 981.0 972.0 963.0 955.0 947.0 940.0 933.0 929.0 927.0 928.0 931.0 933.0 934.0 934.0 933.0 931.0 -9999 -9999 -9999 -9999 -9999 -9999 -9999 -9999 -9999 -9999 -9999 -9999 -9999 -9999 -9999 -9999 -9999 -9999 -9999 -9999 -9999 -9999 -9999 -9999 -9999 -9999 -9999 -9999
793.0 809.0 825.0 840.0 855.0 869.0 883.0 896.0 908.0 920.0 931.0 943.0 954.0 966.0 978.0 990.0 1002.0 1013.0 1021.0 1027.0 1030.0 1032.0 1032.0 1031.0 1028.0 1022.0 1017.0 1014.0 1015.0 1016.0 1017.0 1015.0 1009.0 1000.0 990.0 979.0 969.0 960.0 952.0 945.0 940.0 939.0 941.0 944.0 948.0 950.0 951.0 949.0 947.0 -9999 -9999 -9999 -9999 -9999 -9999 -9999 -9999 -9999 -9999 -9999 -9999 -9999 -9999 -9999 -9999 -9999 -9999 -9999 -9999 -9999 -9999 -9999 -9999 -9999 -9999 -9999 -9999
792.0 807.0 822.0 837.0 851.0 864.0 877.0 889.0 901.0 912.0 925.0 937.0 950.0 962.0 974.0 987.0 999.0 1011.0 1020.0 1028.0 1034.0 1037.0 1040.0 1040.0 1038.0 1034.0 1029.0 1027.0 1028.0 1031.0 1033.0 1032.0 1027.0 1018.0 1007.0 995.0 984.0 973.0 963.0 956.0 951.0 950.0 953.0 957.0 962.0 965.0 966.0 965.0 963.0 -9999 -9999 -9999 -9999 -9999 -9999 -9999 -9999 -9999 -9999 -9999 -9999 -9999 -9999 -9999 -9999 -9999 -9999 -9999 -9999 -9999 -9999 -9999 -9999 -9999 -9999 -9999 -9999
789.0 803.0 818.0 832.0 845.0 857.0 869.0 881.0 893.0 905.0 919.0 933.0 946.0 959.0 971.0 983.0 996.0 1008.0 1018.0 1027.0 1035.0 1041.0 1045.0 1047.0 1047.0 1044.0 1040.0 1039.0 1040.0 1044.0 1047.0 1047.0 1042.0 1034.0 1023.0 1011.0 998.0 986.0 975.0 967.0 962.0 961.0 964.0 969.0 975.0 979.0 981.0 981.0 -9999 -9999 -9999 -9999 -9999 -9999 -9999 -9999 -9999 -9999 -9999 -9999 -9999 -9999 -9999 -9999 -9999 -9999 -9999 -9999 -9999 -9999 -9999 -9999 -9999 -9999 -9999 -9999 -9999
784.0 797.0 811.0 824.0 837.0 849.0 861.0 873.0 886.0 900.0 914.0 929.0 943.0 956.0 968.0 980.0 992.0 1004.0 1015.0 1025.0 1034.0 1041.0 1047.0 1052.0 1053.0 1052.0 1050.0 1049.0 1051.0 1055.0 1058.0 1059.0 1056.0 1049.0 1038.0 1026.0 1012.0 999.0 987.0 978.0 973.0 972.0 975.0 981.0 987.0 993.0 996.0 996.0 -9999 -9999 -9999 -9999 -9999 -9999 -9999 -9999 -9999 -9999 -9999 -9999 -9999 -9999 -9999 -9999 -9999 -9999 -9999 -9999 -9999 -9999 -9999 -9999 -9999 -9999 -9999 -9999 -9999
777.0 790.0 803.0 816.0 829.0 842.0 854.0 867.0 881.0 895.0 911.0 926.0 940.0 953.0 964.0 975.0 987.0 999.0 1010.0 1021.0 1031.0 1039.0 1047.0 1053.0 1057.0 1058.0 1059.0 1059.0 1062.0 1066.0 1069.0 1071.0 1068.0 1062.0 1052.0 1040.0 1026.0 1012.0 1000.0 990.0 984.0 983.0 986.0 993.0 1000.0 1006.0 1010.0 1011.0 -9999 -9999 -9999 -9999 -9999 -9999 -9999 -9999 -9999 -9999 -9999 -9999 -9999 -9999 -9999 -9999 -9999 -9999 -9999 -9999 -9999 -9999 -9999 -9999 -9999 -9999 -9999 -9999 -9999
768.0 780.0 794.0 808.0 821.0 834.0 848.0 862.0 876.0 892.0 907.0 922.0 936.0 947.0 958.0 969.0 980.0 991.0 1004.0 1015.0 1025.0 1035.0 1044.0 1051.0 1058.0 1062.0 1065.0 1068.0 1072.0 1076.0 1080.0 1082.0 1080.0 1075.0 1066.0 1054.0 1040.0 1026.0 1013.0 1003.0 997.0 995.0 998.0 1005.0 1012.0 1019.0 1024.0 -9999 -9999 -9999 -9999 -9999 -9999 -9999 -9999 -9999 -9999 -9999 -9999 -9999 -9999 -9999 -9999 -9999 -9999 -9999 -9999 -9999 -9999 -9999 -9999 -9999 -9999 -9999 -9999 -9999 -9999
759.0 767.0 784.0 800.0 815.0 828.0 843.0 857.0 872.0 887.0 902.0 916.0 928.0 938.0 948.0 960.0 968.0 982.0 995.0 1007.0 1018.0 1028.0 1038.0 1048.0 1056.0 1064.0 1070.0 1076.0 1081.0 1086.0 1090.0 1093.0 1092.0 1087.0 1078.0 1066.0 1053.0 1039.0 1026.0 1016.0 1009.0 1008.0 1011.0 1017.0 1025.0 1031.0 1036.0 -9999 -9999 -9999 -9999 -9999 -9999 -9999 -9999 -9999 -9999 -9999 -9999 -9999 -9999 -9999 -9999 -9999 -9999 -9999 -9999 -9999 -9999 -9999 -9999 -9999 -9999 -9999 -9999 -9999 -9999
765.0 767.0 775.0 795.0 810.0 824.0 838.0 852.0 866.0 880.0 894.0 906.0 916.0 924.0 933.0 954.0 954.0 971.0 986.0 999.0 1010.0 1021.0 1032.0 1043.0 1054.0 1064.0 1073.0 1081.0 1089.0 1095.0 1100.0 1103.0 1102.0 1098.0 1089.0 1078.0 1065.0 1051.0 1038.0 1028.0 1022.0 1020.0 1023.0 1029.0 1036.0 1043.0 1047.0 -9999 -9999 -9999 -9999 -9999 -9999 -9999 -9999 -9999 -9999 -9999 -9999 -9999 -9999 -9999 -9999 -9999 -9999 -9999 -9999 -9999 -9999 -9999 -9999 -9999 -9999 -9999 -9999 -9999 -9999
772.0 774.0 775.0 794.0 806.0 819.0 832.0 845.0 859.0 871.0 882.0 892.0 901.0 907.0 903.0 918.0 944.0 963.0 978.0 991.0 1003.0 1015.0 1027.0 1039.0 1052.0 1064.0 1075.0 1086.0 1095.0 1102.0 1109.0 1112.0 1112.0 1108.0 1100.0 1088.0 1075.0 1061.0 1049.0 1039.0 1033.0 1032.0 1036.0 1041.0 1048.0 1053.0 1056.0 -9999 -9999 -9999 -9999 -9999 -9999 -9999 -9999 -9999 -9999 -9999 -9999 -9999 -9999 -9999 -9999 -9999 -9999 -9999 -9999 -9999 -9999 -9999 -9999 -9999 -9999 -9999 -9999 -9999 -9999
781.0 784.0 787.0 794.0 803.0 815.0 825.0 836.0 848.0 858.0 866.0 875.0 886.0 896.0 896.0 919.0 940.0 958.0 973.0 986.0 999.0 1011.0 1024.0 1037.0 1051.0 1064.0 1077.0 1088.0 1099.0 1109.0 1116.0 1121.0 1121.0 1118.0 1110.0 1098.0 1085.0 1071.0 1059.0 1050.0 1045.0 1044.0 1048.0 1054.0 1059.0 1064.0 1065.0 -9999 -9999 -9999 -9999 -9999 -9999 -9999 -9999 -9999 -9999 -9999 -9999 -9999 -9999 -9999 -9999 -9999 -9999 -9999 -9999 -9999 -9999 -9999 -9999 -9999 -9999 -9999 -9999 -9999 -9999
791.0 794.0 798.0 801.0 803.0 810.0 817.0 824.0 836.0 843.0 845.0 854.0 869.0 889.0 905.0 924.0 941.0 957.0 972.0 985.0 998.0 1010.0 1024.0 1037.0 1051.0 1065.0 1078.0 1091.0 1103.0 1113.0 1122.0 1128.0 1130.0 1127.0 1119.0 1108.0 1095.0 1081.0 1069.0 1060.0 1056.0 1056.0 1061.0 1066.0 1071.0 1074.0 1074.0 -9999 -9999 -9999 -9999 -9999 -9999 -9999 -9999 -9999 -9999 -9999 -9999 -9999 -9999 -9999 -9999 -9999 -9999 -9999 -9999 -9999 -9999 -9999 -9999 -9999 -9999 -9999 -9999 -9999 -9999
803.0 805.0 808.0 812.0 815.0 820.0 825.0 827.0 827.0 832.0 845.0 861.0 877.0 895.0 912.0 929.0 945.0 960.0 974.0 988.0 1000.0 1013.0 1026.0 1040.0 1053.0 1067.0 1080.0 1093.0 1105.0 1117.0 1127.0 1135.0 1138.0 1136.0 1130.0 1119.0 1106.0 1093.0 1081.0 1072.0 1068.0 1069.0 1073.0 1078.0 1083.0 1085.0 -9999 -9999 -9999 -9999 -9999 -9999 -9999 -9999 -9999 -9999 -9999 -9999 -9999 -9999 -9999 -9999 -9999 -9999 -9999 -9999 -9999 -9999 -9999 -9999 -9999 -9999 -9999 -9999 -9999 -9999 -9999
815.0 817.0 820.0 823.0 827.0 831.0 835.0 836.0 836.0 839.0 851.0 867.0 884.0 901.0 918.0 934.0 950.0 966.0 980.0 994.0 1007.0 1019.0 1031.0 1044.0 1056.0 1069.0 1082.0 1094.0 1108.0 1120.0 1132.0 1140.0 1145.0 1145.0 1140.0 1130.0 1118.0 1105.0 1093.0 1084.0 1079.0 1081.0 1085.0 1091.0 1095.0 1095.0 -9999 -9999 -9999 -9999 -9999 -9999 -9999 -9999 -9999 -9999 -9999 -9999 -9999 -9999 -9999 -9999 -9999 -9999 -9999 -9999 -9999 -9999 -9999 -9999 -9999 -9999 -9999 -9999 -9999 -9999 -9999
826.0 829.0 832.0 835.0 838.0 843.0 846.0 846.0 838.0 838.0 852.0 870.0 888.0 906.0 923.0 940.0 956.0 972.0 988.0 1002.0 1015.0 1027.0 1038.0 1049.0 1061.0 1072.0 1085.0 1097.0 1110.0 1123.0 1136.0 1146.0 1152.0 1153.0 1150.0 1141.0 1130.0 1118.0 1106.0 1096.0 1092.0 1093.0 1097.0 1103.0 1106.0 1106.0 -9999 -9999 -9999 -9999 -9999 -9999 -9999 -9999 -9999 -9999 -9999 -9999 -9999 -9999 -9999 -9999 -9999 -9999 -9999 -9999 -9999 -9999 -9999 -9999 -9999 -9999 -9999 -9999 -9999 -9999 -9999
838.0 841.0 844.0 847.0 851.0 856.0 860.0 860.0 855.0 847.0 847.0 869.0 889.0 908.0 926.0 943.0 961.0 978.0 995.0 1010.0 1024.0 1036.0 1047.0 1057.0 1067.0 1078.0 1089.0 1102.0 1114.0 1127.0 1140.0 1151.0 1158.0 1161.0 1159.0 1152.0 1142.0 1130.0 1118.0 1108.0 1103.0 1104.0 1109.0 1114.0 1117.0 -9999 -9999 -9999 -9999 -9999 -9999 -9999 -9999 -9999 -9999 -9999 -9999 -9999 -9999 -9999 -9999 -9999 -9999 -9999 -9999 -9999 -9999 -9999 -9999 -9999 -9999 -9999 -9999 -9999 -9999 -9999 -9999
850.0 853.0 856.0 860.0 864.0 869.0 874.0 875.0 872.0 864.0 856.0 869.0 889.0 909.0 928.0 946.0 964.0 982.0 1000.0 1018.0 1033.0 1045.0 1056.0 1065.0 1075.0 1085.0 1096.0 1108.0 1120.0 1133.0 1145.0 1156.0 1165.0 1169.0 1168.0 1162.0 1153.0 1142.0 1130.0 1120.0 1115.0 1116.0 1121.0 1125.0 1127.0 -9999 -9999 -9999 -9999 -9999 -9999 -9999 -9999 -9999 -9999 -9999 -9999 -9999 -9999 -9999 -9999 -9999 -9999 -9999 -9999 -9999 -9999 -9999 -9999 -9999 -9999 -9999 -9999 -9999 -9999 -9999 -9999
862.0 867.0 870.0 873.0 877.0 882.0 887.0 889.0 887.0 877.0 860.0 860.0 886.0 908.0 928.0 947.0 966.0 985.0 1004.0 1022.0 1038.0 1051.0 1062.0 1072.0 1082.0 1093.0 1104.0 1116.0 1128.0 1139.0 1151.0 1163.0 1172.0 1177.0 1177.0 1172.0 1163.0 1152.0 1141.0 1131.0 1127.0 1128.0 1132.0 1137.0 1138.0 -9999 -9999 -9999 -9999 -9999 -9999 -9999 -9999 -9999 -9999 -9999 -9999 -9999 -9999 -9999 -9999 -9999 -9999 -9999 -9999 -9999 -9999 -9999 -9999 -9999 -9999 -9999 -9999 -9999 -9999 -9999 -9999
875.0 880.0 884.0 887.0 891.0 895.0 899.0 902.0 900.0 892.0 880.0 867.0 886.0 906.0 927.0 947.0 967.0 986.0 1005.0 1023.0 1039.0 1053.0 1065.0 1076.0 1087.0 1099.0 1111.0 1124.0 1135.0 1147.0 1159.0 1170.0 1180.0 1185.0 1185.0 1180.0 1172.0 1162.0 1151.0 1142.0 1138.0 1139.0 1144.0 1148.0 1149.0 -9999 -9999 -9999 -9999 -9999 -9999 -9999 -9999 -9999 -9999 -9999 -9999 -9999 -9999 -9999 -9999 -9999 -9999 -9999 -9999 -9999 -9999 -9999 -9999 -9999 -9999 -9999 -9999 -9999 -9999 -9999 -9999
