data/PosinaDailyOneYear/30/dem_30.asc
NCOLS 582
NROWS 339
XLLCORNER 1668940.0
YLLCORNER 5070820.0
CELLSIZE 20.0
NODATA_VALUE -9999
[rows 204 to 237 of 339, columns 385 to 461 of 582]
556.0 564.0 570.0 576.0 581.0 585.0 589.0 592.0 592.0 592.0 589.0 587.0 586.0 586.0 588.0 589.0 590.0 588.0 584.0 580.0 576.0 573.0 572.0 572.0 572.0 573.0 576.0 579.0 583.0 586.0 588.0 589.0 588.0 585.0 580.0 580.0 590.0 596.0 600.0 -9999 -9999 -9999 -9999 -9999 -9999 -9999 -9999 -9999 -9999 -9999 -9999 -9999 -9999 -9999 -9999 -9999 -9999 -9999 -9999 -9999 -9999 -9999 -9999 -9999 -9999 -9999 -9999 -9999 -9999 -9999 -9999 -9999 -9999 -9999 -9999 -9999 -9999
559.0 566.0 574.0 580.0 585.0 590.0 594.0 597.0 598.0 597.0 594.0 591.0 589.0 589.0 590.0 592.0 592.0 591.0 588.0 585.0 581.0 579.0 579.0 579.0 580.0 582.0 585.0 588.0 591.0 594.0 595.0 596.0 595.0 593.0 591.0 592.0 596.0 600.0 604.0 606.0 -9999 -9999 -9999 -9999 -9999 -9999 -9999 -9999 -9999 -9999 -9999 -9999 -9999 -9999 -9999 -9999 -9999 -9999 -9999 -9999 -9999 -9999 -9999 -9999 -9999 -9999 -9999 -9999 -9999 -9999 -9999 -9999 -9999 -9999 -9999 -9999 -9999
561.0 569.0 576.0 583.0 589.0 594.0 598.0 601.0 602.0 601.0 599.0 596.0 593.0 593.0 594.0 595.0 596.0 595.0 592.0 589.0 587.0 585.0 585.0 587.0 589.0 591.0 594.0 597.0 600.0 602.0 603.0 603.0 603.0 601.0 600.0 600.0 602.0 604.0 607.0 609.0 -9999 -9999 -9999 -9999 -9999 -9999 -9999 -9999 -9999 -9999 -9999 -9999 -9999 -9999 -9999 -9999 -9999 -9999 -9999 -9999 -9999 -9999 -9999 -9999 -9999 -9999 -9999 -9999 -9999 -9999 -9999 -9999 -9999 -9999 -9999 -9999 -9999
565.0 572.0 579.0 586.0 592.0 598.0 602.0 605.0 607.0 606.0 603.0 600.0 598.0 597.0 598.0 599.0 599.0 598.0 596.0 594.0 592.0 591.0 592.0 594.0 597.0 600.0 604.0 607.0 609.0 611.0 612.0 611.0 611.0 609.0 607.0 606.0 607.0 609.0 611.0 613.0 -9999 -9999 -9999 -9999 -9999 -9999 -9999 -9999 -9999 -9999 -9999 -9999 -9999 -9999 -9999 -9999 -9999 -9999 -9999 -9999 -9999 -9999 -9999 -9999 -9999 -9999 -9999 -9999 -9999 -9999 -9999 -9999 -9999 -9999 -9999 -9999 -9999
570.0 577.0 584.0 590.0 596.0 602.0 606.0 609.0 611.0 610.0 608.0 605.0 603.0 602.0 602.0 603.0 603.0 602.0 600.0 598.0 597.0 597.0 598.0 601.0 605.0 609.0 613.0 617.0 619.0 620.0 621.0 620.0 619.0 617.0 615.0 613.0 613.0 614.0 615.0 616.0 -9999 -9999 -9999 -9999 -9999 -9999 -9999 -9999 -9999 -9999 -9999 -9999 -9999 -9999 -9999 -9999 -9999 -9999 -9999 -9999 -9999 -9999 -9999 -9999 -9999 -9999 -9999 -9999 -9999 -9999 -9999 -9999 -9999 -9999 -9999 -9999 -9999
576.0 583.0 590.0 596.0 602.0 607.0 611.0 613.0 615.0 614.0 613.0 610.0 609.0 608.0 608.0 608.0 608.0 606.0 605.0 603.0 602.0 602.0 604.0 607.0 612.0 617.0 622.0 626.0 628.0 630.0 630.0 629.0 627.0 625.0 622.0 620.0 619.0 619.0 620.0 621.0 -9999 -9999 -9999 -9999 -9999 -9999 -9999 -9999 -9999 -9999 -9999 -9999 -9999 -9999 -9999 -9999 -9999 -9999 -9999 -9999 -9999 -9999 -9999 -9999 -9999 -9999 -9999 -9999 -9999 -9999 -9999 -9999 -9999 -9999 -9999 -9999 -9999
581.0 589.0 597.0 603.0 608.0 612.0 616.0 618.0 619.0 619.0 618.0 616.0 615.0 615.0 615.0 614.0 613.0 612.0 610.0 609.0 608.0 608.0 609.0 613.0 618.0 623.0 629.0 634.0 637.0 639.0 639.0 638.0 636.0 633.0 630.0 627.0 625.0 624.0 624.0 625.0 -9999 -9999 -9999 -9999 -9999 -9999 -9999 -9999 -9999 -9999 -9999 -9999 -9999 -9999 -9999 -9999 -9999 -9999 -9999 -9999 -9999 -9999 -9999 -9999 -9999 -9999 -9999 -9999 -9999 -9999 -9999 -9999 -9999 -9999 -9999 -9999 -9999
587.0 596.0 604.0 610.0 615.0 619.0 622.0 624.0 625.0 625.0 624.0 623.0 622.0 622.0 621.0 621.0 619.0 617.0 616.0 614.0 614.0 614.0 615.0 618.0 623.0 629.0 635.0 641.0 645.0 647.0 648.0 647.0 645.0 641.0 637.0 634.0 631.0 630.0 629.0 630.0 631.0 -9999 -9999 -9999 -9999 -9999 -9999 -9999 -9999 -9999 -9999 -9999 -9999 -9999 -9999 -9999 -9999 -9999 -9999 -9999 -9999 -9999 -9999 -9999 -9999 -9999 -9999 -9999 -9999 -9999 -9999 -9999 -9999 -9999 -9999 -9999 -9999
593.0 602.0 610.0 617.0 623.0 626.0 629.0 631.0 632.0 632.0 631.0 631.0 630.0 629.0 629.0 627.0 626.0 624.0 622.0 621.0 620.0 620.0 621.0 623.0 628.0 634.0 641.0 647.0 652.0 655.0 656.0 656.0 653.0 650.0 646.0 641.0 638.0 636.0 635.0 635.0 635.0 -9999 -9999 -9999 -9999 -9999 -9999 -9999 -9999 -9999 -9999 -9999 -9999 -9999 -9999 -9999 -9999 -9999 -9999 -9999 -9999 -9999 -9999 -9999 -9999 -9999 -9999 -9999 -9999 -9999 -9999 -9999 -9999 -9999 -9999 -9999 -9999
598.0 608.0 616.0 624.0 630.0 634.0 637.0 639.0 639.0 640.0 639.0 639.0 638.0 637.0 636.0 634.0 632.0 630.0 629.0 628.0 627.0 626.0 627.0 629.0 633.0 639.0 646.0 653.0 658.0 662.0 664.0 664.0 662.0 659.0 654.0 649.0 645.0 642.0 640.0 639.0 640.0 641.0 -9999 -9999 -9999 -9999 -9999 -9999 -9999 -9999 -9999 -9999 -9999 -9999 -9999 -9999 -9999 -9999 -9999 -9999 -9999 -9999 -9999 -9999 -9999 -9999 -9999 -9999 -9999 -9999 -9999 -9999 -9999 -9999 -9999 -9999 -9999
604.0 614.0 623.0 630.0 637.0 641.0 645.0 647.0 647.0 648.0 647.0 647.0 646.0 644.0 643.0 641.0 638.0 636.0 635.0 634.0 633.0 632.0 632.0 634.0 638.0 644.0 651.0 658.0 664.0 669.0 672.0 673.0 671.0 668.0 663.0 657.0 652.0 648.0 645.0 644.0 645.0 646.0 -9999 -9999 -9999 -9999 -9999 -9999 -9999 -9999 -9999 -9999 -9999 -9999 -9999 -9999 -9999 -9999 -9999 -9999 -9999 -9999 -9999 -9999 -9999 -9999 -9999 -9999 -9999 -9999 -9999 -9999 -9999 -9999 -9999 -9999 -9999
611.0 620.0 629.0 637.0 643.0 649.0 652.0 654.0 655.0 655.0 655.0 654.0 653.0 652.0 650.0 647.0 644.0 642.0 641.0 640.0 638.0 637.0 637.0 638.0 642.0 648.0 655.0 663.0 670.0 675.0 679.0 681.0 680.0 676.0 671.0 665.0 660.0 655.0 651.0 650.0 650.0 651.0 -9999 -9999 -9999 -9999 -9999 -9999 -9999 -9999 -9999 -9999 -9999 -9999 -9999 -9999 -9999 -9999 -9999 -9999 -9999 -9999 -9999 -9999 -9999 -9999 -9999 -9999 -9999 -9999 -9999 -9999 -9999 -9999 -9999 -9999 -9999
617.0 626.0 635.0 643.0 650.0 656.0 660.0 662.0 663.0 663.0 663.0 662.0 660.0 659.0 656.0 653.0 650.0 647.0 645.0 644.0 643.0 642.0 641.0 642.0 645.0 651.0 658.0 666.0 674.0 680.0 685.0 688.0 688.0 684.0 679.0 673.0 667.0 661.0 657.0 655.0 655.0 656.0 -9999 -9999 -9999 -9999 -9999 -9999 -9999 -9999 -9999 -9999 -9999 -9999 -9999 -9999 -9999 -9999 -9999 -9999 -9999 -9999 -9999 -9999 -9999 -9999 -9999 -9999 -9999 -9999 -9999 -9999 -9999 -9999 -9999 -9999 -9999
624.0 633.0 642.0 650.0 658.0 663.0 668.0 670.0 671.0 671.0 671.0 670.0 668.0 666.0 664.0 660.0 656.0 653.0 650.0 649.0 647.0 646.0 646.0 646.0 649.0 654.0 660.0 668.0 676.0 684.0 690.0 694.0 695.0 692.0 687.0 681.0 674.0 668.0 664.0 661.0 660.0 661.0 -9999 -9999 -9999 -9999 -9999 -9999 -9999 -9999 -9999 -9999 -9999 -9999 -9999 -9999 -9999 -9999 -9999 -9999 -9999 -9999 -9999 -9999 -9999 -9999 -9999 -9999 -9999 -9999 -9999 -9999 -9999 -9999 -9999 -9999 -9999
630.0 640.0 649.0 658.0 666.0 672.0 676.0 679.0 680.0 680.0 680.0 678.0 677.0 675.0 672.0 668.0 663.0 659.0 656.0 653.0 652.0 651.0 650.0 651.0 652.0 656.0 662.0 670.0 678.0 686.0 693.0 698.0 700.0 699.0 695.0 688.0 682.0 675.0 671.0 667.0 666.0 667.0 -9999 -9999 -9999 -9999 -9999 -9999 -9999 -9999 -9999 -9999 -9999 -9999 -9999 -9999 -9999 -9999 -9999 -9999 -9999 -9999 -9999 -9999 -9999 -9999 -9999 -9999 -9999 -9999 -9999 -9999 -9999 -9999 -9999 -9999 -9999
637.0 647.0 656.0 666.0 674.0 681.0 686.0 689.0 690.0 691.0 690.0 688.0 687.0 684.0 681.0 676.0 671.0 666.0 662.0 659.0 657.0 656.0 656.0 655.0 656.0 659.0 665.0 672.0 680.0 688.0 696.0 702.0 705.0 705.0 701.0 696.0 689.0 683.0 677.0 674.0 673.0 673.0 -9999 -9999 -9999 -9999 -9999 -9999 -9999 -9999 -9999 -9999 -9999 -9999 -9999 -9999 -9999 -9999 -9999 -9999 -9999 -9999 -9999 -9999 -9999 -9999 -9999 -9999 -9999 -9999 -9999 -9999 -9999 -9999 -9999 -9999 -9999
644.0 654.0 664.0 674.0 683.0 691.0 697.0 700.0 702.0 702.0 701.0 700.0 697.0 695.0 691.0 686.0 680.0 674.0 668.0 665.0 663.0 662.0 661.0 661.0 661.0 663.0 667.0 673.0 681.0 689.0 697.0 704.0 708.0 710.0 707.0 702.0 696.0 689.0 684.0 681.0 679.0 679.0 681.0 -9999 -9999 -9999 -9999 -9999 -9999 -9999 -9999 -9999 -9999 -9999 -9999 -9999 -9999 -9999 -9999 -9999 -9999 -9999 -9999 -9999 -9999 -9999 -9999 -9999 -9999 -9999 -9999 -9999 -9999 -9999 -9999 -9999 -9999
650.0 661.0 672.0 682.0 692.0 701.0 708.0 712.0 714.0 715.0 713.0 711.0 709.0 706.0 701.0 695.0 689.0 682.0 676.0 672.0 669.0 668.0 667.0 667.0 667.0 668.0 671.0 676.0 683.0 690.0 698.0 706.0 711.0 714.0 713.0 709.0 703.0 696.0 691.0 687.0 686.0 686.0 687.0 -9999 -9999 -9999 -9999 -9999 -9999 -9999 -9999 -9999 -9999 -9999 -9999 -9999 -9999 -9999 -9999 -9999 -9999 -9999 -9999 -9999 -9999 -9999 -9999 -9999 -9999 -9999 -9999 -9999 -9999 -9999 -9999 -9999 -9999
657.0 668.0 680.0 691.0 702.0 712.0 719.0 724.0 727.0 727.0 726.0 723.0 720.0 716.0 711.0 705.0 697.0 690.0 684.0 679.0 676.0 674.0 674.0 673.0 673.0 673.0 675.0 679.0 685.0 692.0 700.0 707.0 714.0 717.0 717.0 714.0 709.0 703.0 698.0 694.0 692.0 692.0 693.0 694.0 -9999 -9999 -9999 -9999 -9999 -9999 -9999 -9999 -9999 -9999 -9999 -9999 -9999 -9999 -9999 -9999 -9999 -9999 -9999 -9999 -9999 -9999 -9999 -9999 -9999 -9999 -9999 -9999 -9999 -9999 -9999 -9999 -9999
664.0 676.0 688.0 700.0 712.0 722.0 730.0 736.0 739.0 739.0 737.0 734.0 730.0 726.0 720.0 713.0 706.0 699.0 692.0 686.0 683.0 681.0 680.0 679.0 679.0 679.0 680.0 683.0 688.0 695.0 702.0 709.0 715.0 720.0 721.0 720.0 716.0 710.0 705.0 701.0 699.0 698.0 699.0 700.0 702.0 -9999 -9999 -9999 -9999 -9999 -9999 -9999 -9999 -9999 -9999 -9999 -9999 -9999 -9999 -9999 -9999 -9999 -9999 -9999 -9999 -9999 -9999 -9999 -9999 -9999 -9999 -9999 -9999 -9999 -9999 -9999 -9999
672.0 684.0 696.0 709.0 721.0 731.0 740.0 746.0 749.0 750.0 748.0 744.0 739.0 734.0 728.0 721.0 714.0 707.0 700.0 694.0 690.0 688.0 687.0 686.0 686.0 685.0 686.0 688.0 692.0 698.0 704.0 711.0 717.0 722.0 725.0 725.0 722.0 717.0 712.0 707.0 705.0 704.0 705.0 706.0 707.0 -9999 -9999 -9999 -9999 -9999 -9999 -9999 -9999 -9999 -9999 -9999 -9999 -9999 -9999 -9999 -9999 -9999 -9999 -9999 -9999 -9999 -9999 -9999 -9999 -9999 -9999 -9999 -9999 -9999 -9999 -9999 -9999
679.0 692.0 705.0 717.0 729.0 740.0 749.0 756.0 759.0 760.0 757.0 753.0 748.0 742.0 736.0 729.0 722.0 715.0 708.0 703.0 698.0 695.0 694.0 693.0 692.0 691.0 692.0 693.0 697.0 701.0 707.0 713.0 719.0 724.0 728.0 729.0 727.0 723.0 719.0 714.0 711.0 710.0 710.0 711.0 713.0 -9999 -9999 -9999 -9999 -9999 -9999 -9999 -9999 -9999 -9999 -9999 -9999 -9999 -9999 -9999 -9999 -9999 -9999 -9999 -9999 -9999 -9999 -9999 -9999 -9999 -9999 -9999 -9999 -9999 -9999 -9999 -9999
687.0 700.0 713.0 726.0 738.0 748.0 758.0 765.0 769.0 770.0 767.0 762.0 756.0 750.0 743.0 736.0 730.0 723.0 717.0 711.0 707.0 704.0 701.0 700.0 699.0 698.0 698.0 699.0 702.0 706.0 711.0 716.0 721.0 726.0 730.0 732.0 732.0 729.0 725.0 720.0 717.0 716.0 716.0 717.0 719.0 -9999 -9999 -9999 -9999 -9999 -9999 -9999 -9999 -9999 -9999 -9999 -9999 -9999 -9999 -9999 -9999 -9999 -9999 -9999 -9999 -9999 -9999 -9999 -9999 -9999 -9999 -9999 -9999 -9999 -9999 -9999 -9999
696.0 709.0 721.0 734.0 746.0 757.0 766.0 774.0 779.0 780.0 777.0 772.0 765.0 759.0 752.0 745.0 738.0 732.0 726.0 721.0 716.0 712.0 709.0 707.0 706.0 704.0 704.0 705.0 707.0 711.0 715.0 719.0 724.0 729.0 733.0 735.0 736.0 734.0 730.0 726.0 723.0 722.0 722.0 723.0 724.0 -9999 -9999 -9999 -9999 -9999 -9999 -9999 -9999 -9999 -9999 -9999 -9999 -9999 -9999 -9999 -9999 -9999 -9999 -9999 -9999 -9999 -9999 -9999 -9999 -9999 -9999 -9999 -9999 -9999 -9999 -9999 -9999
705.0 717.0 729.0 742.0 753.0 765.0 775.0 784.0 789.0 790.0 787.0 782.0 775.0 768.0 761.0 754.0 747.0 741.0 735.0 730.0 726.0 722.0 718.0 715.0 713.0 712.0 711.0 712.0 713.0 716.0 719.0 723.0 727.0 731.0 735.0 738.0 739.0 738.0 736.0 732.0 730.0 728.0 728.0 729.0 730.0 -9999 -9999 -9999 -9999 -9999 -9999 -9999 -9999 -9999 -9999 -9999 -9999 -9999 -9999 -9999 -9999 -9999 -9999 -9999 -9999 -9999 -9999 -9999 -9999 -9999 -9999 -9999 -9999 -9999 -9999 -9999 -9999
713.0 725.0 737.0 749.0 761.0 773.0 784.0 793.0 799.0 801.0 798.0 793.0 787.0 779.0 772.0 764.0 757.0 751.0 746.0 740.0 736.0 731.0 727.0 724.0 722.0 720.0 719.0 719.0 720.0 721.0 724.0 727.0 731.0 734.0 738.0 741.0 742.0 743.0 741.0 738.0 736.0 734.0 734.0 735.0 736.0 -9999 -9999 -9999 -9999 -9999 -9999 -9999 -9999 -9999 -9999 -9999 -9999 -9999 -9999 -9999 -9999 -9999 -9999 -9999 -9999 -9999 -9999 -9999 -9999 -9999 -9999 -9999 -9999 -9999 -9999 -9999 -9999
721.0 732.0 744.0 756.0 768.0 781.0 793.0 803.0 810.0 812.0 810.0 805.0 798.0 791.0 783.0 775.0 768.0 762.0 756.0 751.0 746.0 741.0 736.0 733.0 731.0 729.0 727.0 726.0 726.0 727.0 729.0 732.0 734.0 737.0 741.0 743.0 746.0 746.0 746.0 744.0 742.0 741.0 740.0 741.0 742.0 -9999 -9999 -9999 -9999 -9999 -9999 -9999 -9999 -9999 -9999 -9999 -9999 -9999 -9999 -9999 -9999 -9999 -9999 -9999 -9999 -9999 -9999 -9999 -9999 -9999 -9999 -9999 -9999 -9999 -9999 -9999 -9999
727.0 739.0 750.0 762.0 775.0 788.0 801.0 812.0 820.0 823.0 822.0 818.0 811.0 803.0 795.0 787.0 780.0 774.0 767.0 762.0 756.0 751.0 747.0 743.0 740.0 738.0 735.0 734.0 733.0 733.0 734.0 736.0 739.0 741.0 744.0 746.0 748.0 750.0 750.0 749.0 747.0 746.0 746.0 747.0 748.0 -9999 -9999 -9999 -9999 -9999 -9999 -9999 -9999 -9999 -9999 -9999 -9999 -9999 -9999 -9999 -9999 -9999 -9999 -9999 -9999 -9999 -9999 -9999 -9999 -9999 -9999 -9999 -9999 -9999 -9999 -9999 -9999
732.0 744.0 756.0 768.0 781.0 795.0 809.0 821.0 830.0 834.0 834.0 830.0 823.0 815.0 807.0 799.0 792.0 785.0 779.0 773.0 767.0 762.0 757.0 753.0 750.0 747.0 744.0 742.0 740.0 740.0 740.0 741.0 743.0 745.0 747.0 749.0 751.0 753.0 753.0 753.0 752.0 752.0 752.0 753.0 754.0 -9999 -9999 -9999 -9999 -9999 -9999 -9999 -9999 -9999 -9999 -9999 -9999 -9999 -9999 -9999 -9999 -9999 -9999 -9999 -9999 -9999 -9999 -9999 -9999 -9999 -9999 -9999 -9999 -9999 -9999 -9999 -9999
736.0 748.0 760.0 773.0 787.0 801.0 816.0 828.0 838.0 844.0 845.0 841.0 835.0 827.0 820.0 812.0 804.0 798.0 791.0 785.0 779.0 774.0 769.0 765.0 760.0 756.0 753.0 750.0 748.0 747.0 747.0 747.0 748.0 749.0 751.0 752.0 754.0 755.0 756.0 757.0 757.0 757.0 758.0 758.0 759.0 -9999 -9999 -9999 -9999 -9999 -9999 -9999 -9999 -9999 -9999 -9999 -9999 -9999 -9999 -9999 -9999 -9999 -9999 -9999 -9999 -9999 -9999 -9999 -9999 -9999 -9999 -9999 -9999 -9999 -9999 -9999 -9999
740.0 752.0 764.0 777.0 791.0 806.0 821.0 834.0 845.0 852.0 854.0 852.0 846.0 839.0 832.0 824.0 817.0 810.0 803.0 797.0 791.0 786.0 781.0 776.0 771.0 766.0 762.0 759.0 756.0 755.0 754.0 753.0 753.0 753.0 754.0 755.0 757.0 758.0 759.0 760.0 761.0 762.0 763.0 763.0 764.0 -9999 -9999 -9999 -9999 -9999 -9999 -9999 -9999 -9999 -9999 -9999 -9999 -9999 -9999 -9999 -9999 -9999 -9999 -9999 -9999 -9999 -9999 -9999 -9999 -9999 -9999 -9999 -9999 -9999 -9999 -9999 -9999
743.0 755.0 767.0 781.0 795.0 810.0 826.0 840.0 851.0 859.0 862.0 861.0 857.0 851.0 844.0 836.0 829.0 822.0 816.0 809.0 803.0 798.0 793.0 788.0 782.0 777.0 773.0 769.0 766.0 763.0 761.0 760.0 759.0 758.0 758.0 759.0 760.0 761.0 763.0 764.0 765.0 766.0 767.0 768.0 769.0 770.0 -9999 -9999 -9999 -9999 -9999 -9999 -9999 -9999 -9999 -9999 -9999 -9999 -9999 -9999 -9999 -9999 -9999 -9999 -9999 -9999 -9999 -9999 -9999 -9999 -9999 -9999 -9999 -9999 -9999 -9999 -9999
746.0 758.0 771.0 784.0 799.0 815.0 830.0 845.0 857.0 866.0 870.0 871.0 867.0 862.0 855.0 848.0 842.0 835.0 828.0 821.0 815.0 810.0 804.0 799.0 794.0 788.0 783.0 779.0 775.0 772.0 770.0 767.0 765.0 764.0 763.0 763.0 764.0 765.0 767.0 768.0 769.0 770.0 771.0 772.0 772.0 773.0 -9999 -9999 -9999 -9999 -9999 -9999 -9999 -9999 -9999 -9999 -9999 -9999 -9999 -9999 -9999 -9999 -9999 -9999 -9999 -9999 -9999 -9999 -9999 -9999 -9999 -9999 -9999 -9999 -9999 -9999 -9999
748.0 761.0 774.0 788.0 804.0 820.0 836.0 850.0 863.0 873.0 879.0 880.0 878.0 874.0 867.0 861.0 854.0 847.0 840.0 833.0 827.0 821.0 816.0 811.0 805.0 800.0 795.0 790.0 786.0 782.0 778.0 775.0 773.0 770.0 769.0 769.0 769.0 770.0 772.0 773.0 774.0 775.0 775.0 776.0 776.0 777.0 778.0 -9999 -9999 -9999 -9999 -9999 -9999 -9999 -9999 -9999 -9999 -9999 -9999 -9999 -9999 -9999 -9999 -9999 -9999 -9999 -9999 -9999 -9999 -9999 -9999 -9999 -9999 -9999 -9999 -9999 -9999
