data/PosinaDailyOneYear/30/dem_30.asc
NCOLS 582
NROWS 339
XLLCORNER 1668940.0
YLLCORNER 5070820.0
CELLSIZE 20.0
NODATA_VALUE -9999
[rows 170 to 203 of 339, columns 308 to 384 of 582]
-9999 -9999 -9999 -9999 -9999 -9999 -9999 -9999 863.0 857.0 850.0 841.0 832.0 822.0 812.0 805.0 797.0 789.0 782.0 774.0 766.0 758.0 750.0 741.0 732.0 724.0 716.0 709.0 703.0 698.0 694.0 690.0 685.0 681.0 676.0 670.0 663.0 656.0 649.0 642.0 637.0 632.0 628.0 624.0 620.0 619.0 620.0 622.0 623.0 623.0 622.0 619.0 616.0 613.0 610.0 610.0 612.0 615.0 619.0 621.0 621.0 619.0 615.0 611.0 605.0 600.0 594.0 587.0 580.0 570.0 559.0 548.0 534.0 530.0 526.0 530.0 532.0
-9999 -9999 -9999 -9999 -9999 -9999 -9999 -9999 854.0 849.0 843.0 835.0 826.0 817.0 808.0 800.0 793.0 787.0 780.0 773.0 765.0 757.0 749.0 739.0 729.0 719.0 710.0 703.0 697.0 691.0 687.0 683.0 679.0 675.0 670.0 664.0 658.0 651.0 643.0 634.0 628.0 625.0 622.0 618.0 615.0 613.0 612.0 613.0 614.0 614.0 613.0 610.0 607.0 605.0 604.0 605.0 608.0 612.0 617.0 620.0 621.0 620.0 618.0 615.0 611.0 605.0 600.0 594.0 587.0 578.0 569.0 558.0 547.0 538.0 526.0 521.0 518.0
-9999 -9999 -9999 -9999 -9999 -9999 -9999 -9999 -9999 841.0 835.0 828.0 820.0 811.0 803.0 795.0 789.0 783.0 777.0 771.0 764.0 756.0 748.0 738.0 727.0 716.0 706.0 697.0 691.0 685.0 681.0 677.0 673.0 669.0 665.0 660.0 654.0 647.0 637.0 622.0 616.0 617.0 616.0 612.0 609.0 606.0 605.0 605.0 605.0 605.0 605.0 603.0 600.0 598.0 598.0 600.0 604.0 609.0 614.0 618.0 619.0 620.0 619.0 617.0 614.0 610.0 606.0 601.0 594.0 587.0 578.0 568.0 558.0 548.0 538.0 529.0 518.0
-9999 -9999 -9999 -9999 -9999 -9999 -9999 -9999 -9999 833.0 828.0 821.0 813.0 805.0 796.0 789.0 783.0 777.0 772.0 767.0 761.0 753.0 745.0 735.0 724.0 712.0 701.0 693.0 686.0 680.0 676.0 672.0 668.0 664.0 660.0 655.0 650.0 644.0 636.0 625.0 616.0 610.0 609.0 606.0 603.0 600.0 598.0 597.0 597.0 597.0 597.0 595.0 593.0 592.0 592.0 596.0 601.0 607.0 611.0 614.0 616.0 616.0 616.0 616.0 615.0 613.0 610.0 606.0 601.0 594.0 586.0 578.0 569.0 559.0 549.0 539.0 529.0
-9999 -9999 -9999 -9999 -9999 -9999 -9999 -9999 -9999 823.0 819.0 814.0 807.0 798.0 790.0 782.0 776.0 771.0 766.0 761.0 756.0 749.0 741.0 731.0 720.0 709.0 698.0 689.0 682.0 676.0 671.0 667.0 663.0 659.0 655.0 651.0 647.0 641.0 635.0 626.0 618.0 610.0 604.0 598.0 597.0 594.0 592.0 590.0 590.0 590.0 590.0 589.0 588.0 587.0 588.0 591.0 597.0 603.0 607.0 609.0 610.0 611.0 612.0 614.0 615.0 615.0 614.0 610.0 606.0 600.0 593.0 586.0 577.0 568.0 558.0 548.0 538.0
-9999 -9999 -9999 -9999 -9999 -9999 -9999 -9999 -9999 813.0 810.0 805.0 799.0 792.0 783.0 776.0 769.0 763.0 759.0 755.0 749.0 743.0 735.0 726.0 716.0 705.0 695.0 686.0 679.0 673.0 667.0 662.0 658.0 654.0 650.0 646.0 643.0 639.0 633.0 626.0 619.0 611.0 604.0 598.0 592.0 586.0 586.0 585.0 584.0 583.0 583.0 583.0 582.0 582.0 583.0 587.0 592.0 597.0 601.0 603.0 603.0 605.0 607.0 611.0 614.0 615.0 615.0 612.0 608.0 603.0 597.0 591.0 583.0 574.0 564.0 554.0 544.0
-9999 -9999 -9999 -9999 -9999 -9999 -9999 -9999 -9999 802.0 799.0 796.0 791.0 784.0 777.0 769.0 762.0 756.0 752.0 748.0 743.0 737.0 730.0 722.0 713.0 703.0 693.0 685.0 677.0 671.0 664.0 659.0 654.0 650.0 646.0 642.0 639.0 635.0 631.0 625.0 618.0 611.0 605.0 598.0 592.0 586.0 580.0 579.0 579.0 578.0 578.0 577.0 577.0 577.0 578.0 581.0 586.0 591.0 594.0 595.0 596.0 598.0 601.0 606.0 610.0 613.0 614.0 612.0 608.0 603.0 597.0 592.0 585.0 577.0 568.0 558.0 548.0
-9999 -9999 -9999 -9999 -9999 -9999 -9999 -9999 -9999 791.0 789.0 786.0 782.0 776.0 769.0 762.0 755.0 749.0 745.0 741.0 737.0 732.0 726.0 718.0 710.0 701.0 692.0 684.0 677.0 669.0 661.0 654.0 651.0 646.0 642.0 638.0 635.0 632.0 628.0 623.0 617.0 611.0 605.0 599.0 594.0 587.0 580.0 574.0 574.0 574.0 573.0 572.0 572.0 571.0 572.0 575.0 579.0 583.0 586.0 587.0 588.0 591.0 595.0 601.0 606.0 609.0 610.0 608.0 604.0 599.0 594.0 588.0 582.0 575.0 567.0 557.0 547.0
-9999 -9999 -9999 -9999 -9999 -9999 -9999 -9999 -9999 780.0 779.0 776.0 772.0 767.0 761.0 754.0 748.0 743.0 738.0 735.0 731.0 727.0 721.0 715.0 707.0 699.0 692.0 684.0 677.0 669.0 662.0 656.0 650.0 641.0 639.0 635.0 632.0 628.0 625.0 621.0 617.0 612.0 607.0 602.0 596.0 590.0 583.0 574.0 571.0 570.0 569.0 568.0 567.0 566.0 567.0 568.0 572.0 575.0 577.0 579.0 581.0 584.0 589.0 594.0 599.0 602.0 603.0 602.0 599.0 593.0 587.0 582.0 576.0 570.0 562.0 553.0 543.0
-9999 -9999 -9999 -9999 -9999 -9999 -9999 -9999 -9999 771.0 769.0 766.0 762.0 757.0 752.0 746.0 741.0 735.0 731.0 728.0 725.0 722.0 717.0 711.0 704.0 697.0 690.0 683.0 676.0 669.0 662.0 655.0 648.0 641.0 637.0 633.0 629.0 625.0 622.0 619.0 616.0 612.0 608.0 604.0 599.0 593.0 587.0 579.0 571.0 568.0 567.0 565.0 563.0 562.0 562.0 562.0 564.0 567.0 569.0 571.0 573.0 577.0 582.0 587.0 591.0 594.0 595.0 595.0 592.0 586.0 580.0 574.0 568.0 562.0 555.0 546.0 537.0
-9999 -9999 -9999 -9999 -9999 -9999 -9999 -9999 -9999 761.0 759.0 756.0 753.0 748.0 743.0 738.0 733.0 728.0 724.0 721.0 719.0 716.0 712.0 707.0 701.0 695.0 688.0 682.0 675.0 668.0 662.0 655.0 647.0 637.0 637.0 630.0 625.0 622.0 618.0 614.0 614.0 612.0 609.0 606.0 602.0 597.0 591.0 584.0 577.0 568.0 565.0 561.0 560.0 558.0 557.0 557.0 557.0 559.0 560.0 562.0 565.0 569.0 574.0 578.0 581.0 584.0 587.0 587.0 584.0 578.0 571.0 565.0 559.0 553.0 546.0 538.0 529.0
-9999 -9999 -9999 -9999 -9999 -9999 -9999 -9999 -9999 753.0 751.0 747.0 743.0 739.0 734.0 729.0 724.0 720.0 716.0 714.0 712.0 710.0 707.0 702.0 697.0 691.0 685.0 679.0 673.0 667.0 660.0 654.0 647.0 639.0 634.0 625.0 621.0 618.0 615.0 612.0 610.0 610.0 608.0 606.0 604.0 600.0 595.0 589.0 583.0 576.0 570.0 561.0 557.0 553.0 552.0 551.0 550.0 550.0 551.0 553.0 556.0 560.0 564.0 568.0 571.0 574.0 577.0 577.0 575.0 570.0 563.0 556.0 550.0 544.0 537.0 529.0 521.0
-9999 -9999 -9999 -9999 -9999 -9999 -9999 -9999 -9999 -9999 742.0 739.0 735.0 730.0 725.0 720.0 715.0 711.0 708.0 706.0 705.0 704.0 701.0 697.0 692.0 686.0 681.0 675.0 669.0 664.0 658.0 652.0 646.0 639.0 633.0 625.0 617.0 614.0 611.0 609.0 607.0 606.0 606.0 606.0 605.0 602.0 599.0 594.0 589.0 583.0 578.0 571.0 564.0 553.0 549.0 544.0 544.0 542.0 541.0 543.0 546.0 550.0 554.0 557.0 561.0 564.0 566.0 567.0 565.0 560.0 554.0 547.0 541.0 534.0 528.0 521.0 514.0
-9999 -9999 -9999 -9999 -9999 -9999 -9999 -9999 -9999 -9999 735.0 731.0 726.0 720.0 715.0 710.0 705.0 702.0 699.0 698.0 698.0 697.0 695.0 691.0 687.0 682.0 676.0 671.0 665.0 660.0 655.0 650.0 644.0 638.0 631.0 624.0 616.0 609.0 608.0 606.0 604.0 602.0 603.0 604.0 604.0 603.0 601.0 598.0 594.0 591.0 586.0 581.0 574.0 565.0 556.0 544.0 538.0 533.0 528.0 533.0 535.0 539.0 542.0 546.0 550.0 553.0 555.0 556.0 553.0 549.0 543.0 537.0 531.0 524.0 518.0 513.0 507.0
-9999 -9999 -9999 -9999 -9999 -9999 -9999 -9999 -9999 -9999 -9999 723.0 717.0 711.0 705.0 699.0 694.0 692.0 690.0 690.0 690.0 690.0 688.0 686.0 682.0 677.0 672.0 667.0 661.0 656.0 651.0 646.0 641.0 635.0 629.0 623.0 615.0 604.0 604.0 602.0 600.0 598.0 599.0 601.0 602.0 603.0 602.0 601.0 599.0 597.0 594.0 589.0 582.0 574.0 565.0 556.0 549.0 541.0 528.0 524.0 521.0 527.0 530.0 534.0 539.0 542.0 544.0 544.0 541.0 537.0 532.0 526.0 520.0 514.0 509.0 505.0 502.0
-9999 -9999 -9999 -9999 -9999 -9999 -9999 -9999 -9999 -9999 -9999 -9999 709.0 702.0 695.0 688.0 680.0 681.0 681.0 682.0 683.0 683.0 682.0 680.0 677.0 672.0 668.0 663.0 658.0 653.0 647.0 642.0 637.0 632.0 626.0 620.0 613.0 605.0 600.0 599.0 597.0 594.0 594.0 598.0 600.0 601.0 602.0 602.0 602.0 601.0 599.0 595.0 589.0 581.0 574.0 566.0 560.0 552.0 543.0 535.0 521.0 519.0 516.0 523.0 528.0 531.0 532.0 531.0 529.0 525.0 519.0 515.0 509.0 501.0 497.0 499.0 498.0
-9999 -9999 -9999 -9999 -9999 -9999 -9999 -9999 -9999 -9999 -9999 -9999 -9999 699.0 693.0 687.0 680.0 672.0 672.0 674.0 675.0 676.0 675.0 674.0 671.0 668.0 663.0 659.0 654.0 649.0 644.0 639.0 633.0 628.0 622.0 616.0 610.0 603.0 596.0 596.0 594.0 592.0 591.0 594.0 597.0 599.0 600.0 602.0 603.0 603.0 602.0 599.0 594.0 587.0 581.0 575.0 569.0 563.0 556.0 547.0 538.0 529.0 516.0 513.0 518.0 520.0 520.0 519.0 517.0 513.0 505.0 503.0 502.0 500.0 497.0 496.0 496.0
-9999 -9999 -9999 -9999 -9999 -9999 -9999 -9999 -9999 -9999 -9999 -9999 -9999 -9999 -9999 685.0 678.0 672.0 667.0 667.0 668.0 668.0 668.0 667.0 665.0 662.0 659.0 655.0 651.0 646.0 641.0 636.0 630.0 624.0 618.0 612.0 605.0 598.0 594.0 591.0 590.0 589.0 587.0 590.0 593.0 595.0 597.0 599.0 601.0 602.0 602.0 600.0 596.0 591.0 586.0 581.0 576.0 571.0 565.0 558.0 550.0 541.0 529.0 513.0 510.0 509.0 508.0 507.0 507.0 506.0 505.0 503.0 501.0 499.0 497.0 495.0 494.0
-9999 -9999 -9999 -9999 -9999 -9999 -9999 -9999 -9999 -9999 -9999 -9999 -9999 -9999 -9999 -9999 676.0 671.0 666.0 663.0 661.0 660.0 660.0 659.0 658.0 656.0 653.0 650.0 647.0 643.0 638.0 633.0 627.0 621.0 615.0 607.0 597.0 590.0 588.0 587.0 587.0 586.0 583.0 586.0 589.0 591.0 593.0 596.0 598.0 600.0 600.0 599.0 596.0 593.0 588.0 584.0 579.0 575.0 570.0 565.0 559.0 552.0 544.0 534.0 529.0 525.0 522.0 519.0 515.0 511.0 508.0 504.0 501.0 499.0 497.0 494.0 494.0
-9999 -9999 -9999 -9999 -9999 -9999 -9999 -9999 -9999 -9999 -9999 -9999 -9999 -9999 -9999 -9999 -9999 667.0 664.0 660.0 652.0 652.0 652.0 652.0 651.0 649.0 647.0 645.0 642.0 639.0 635.0 630.0 625.0 619.0 612.0 605.0 598.0 590.0 583.0 583.0 583.0 583.0 580.0 582.0 585.0 587.0 589.0 591.0 593.0 595.0 596.0 596.0 594.0 592.0 588.0 583.0 579.0 574.0 570.0 567.0 563.0 558.0 553.0 547.0 543.0 538.0 533.0 528.0 522.0 515.0 510.0 505.0 501.0 499.0 497.0 496.0 496.0
-9999 -9999 -9999 -9999 -9999 -9999 -9999 -9999 -9999 -9999 -9999 -9999 -9999 -9999 -9999 -9999 -9999 -9999 661.0 658.0 652.0 644.0 646.0 645.0 644.0 642.0 641.0 639.0 636.0 634.0 630.0 627.0 622.0 617.0 611.0 604.0 597.0 590.0 583.0 581.0 579.0 578.0 578.0 578.0 580.0 582.0 584.0 586.0 588.0 590.0 591.0 591.0 591.0 588.0 585.0 580.0 575.0 571.0 568.0 565.0 562.0 559.0 556.0 553.0 549.0 545.0 539.0 532.0 525.0 517.0 511.0 505.0 501.0 498.0 496.0 496.0 497.0
-9999 -9999 -9999 -9999 -9999 -9999 -9999 -9999 -9999 -9999 -9999 -9999 -9999 -9999 -9999 -9999 -9999 -9999 -9999 657.0 652.0 644.0 640.0 640.0 638.0 636.0 634.0 632.0 630.0 628.0 625.0 622.0 618.0 613.0 608.0 602.0 595.0 588.0 578.0 578.0 575.0 573.0 575.0 575.0 576.0 577.0 578.0 580.0 582.0 584.0 585.0 586.0 586.0 584.0 581.0 576.0 570.0 566.0 563.0 560.0 558.0 556.0 554.0 552.0 549.0 545.0 540.0 533.0 526.0 518.0 511.0 505.0 500.0 497.0 497.0 497.0 498.0
-9999 -9999 -9999 -9999 -9999 -9999 -9999 -9999 -9999 -9999 -9999 -9999 -9999 -9999 -9999 -9999 -9999 -9999 -9999 657.0 654.0 648.0 640.0 637.0 633.0 632.0 629.0 627.0 624.0 622.0 619.0 616.0 613.0 609.0 605.0 600.0 594.0 587.0 581.0 578.0 575.0 573.0 573.0 572.0 572.0 573.0 573.0 574.0 576.0 578.0 580.0 581.0 581.0 580.0 576.0 571.0 566.0 561.0 558.0 555.0 553.0 551.0 549.0 547.0 545.0 542.0 537.0 531.0 524.0 517.0 510.0 504.0 499.0 497.0 497.0 498.0 499.0
-9999 -9999 -9999 -9999 -9999 -9999 -9999 -9999 -9999 -9999 -9999 -9999 -9999 -9999 -9999 -9999 -9999 -9999 -9999 -9999 656.0 652.0 646.0 640.0 633.0 629.0 623.0 622.0 619.0 616.0 613.0 610.0 608.0 605.0 601.0 596.0 591.0 586.0 582.0 578.0 575.0 571.0 567.0 569.0 568.0 568.0 568.0 569.0 570.0 572.0 574.0 576.0 576.0 575.0 572.0 567.0 562.0 557.0 553.0 550.0 547.0 545.0 543.0 541.0 539.0 536.0 532.0 526.0 520.0 514.0 507.0 502.0 497.0 497.0 498.0 499.0 500.0
-9999 -9999 -9999 -9999 -9999 -9999 -9999 -9999 -9999 -9999 -9999 -9999 -9999 -9999 -9999 -9999 -9999 -9999 -9999 -9999 -9999 653.0 649.0 643.0 637.0 630.0 623.0 618.0 614.0 610.0 607.0 604.0 602.0 599.0 596.0 593.0 589.0 584.0 580.0 577.0 574.0 570.0 566.0 563.0 563.0 563.0 562.0 563.0 564.0 566.0 568.0 570.0 571.0 571.0 567.0 563.0 557.0 552.0 548.0 545.0 542.0 540.0 537.0 534.0 531.0 528.0 525.0 520.0 515.0 509.0 504.0 498.0 498.0 498.0 500.0 501.0 502.0
-9999 -9999 -9999 -9999 -9999 -9999 -9999 -9999 -9999 -9999 -9999 -9999 -9999 -9999 -9999 -9999 -9999 -9999 -9999 -9999 -9999 -9999 649.0 645.0 639.0 632.0 623.0 610.0 610.0 603.0 600.0 598.0 596.0 594.0 592.0 589.0 585.0 582.0 579.0 575.0 572.0 569.0 565.0 560.0 559.0 558.0 556.0 557.0 557.0 560.0 562.0 565.0 566.0 565.0 562.0 558.0 553.0 548.0 544.0 540.0 537.0 534.0 531.0 528.0 524.0 521.0 517.0 513.0 508.0 504.0 500.0 498.0 498.0 500.0 502.0 503.0 505.0
-9999 -9999 -9999 -9999 -9999 -9999 -9999 -9999 -9999 -9999 -9999 -9999 -9999 -9999 -9999 -9999 -9999 -9999 -9999 -9999 -9999 -9999 -9999 644.0 640.0 634.0 626.0 615.0 601.0 595.0 591.0 591.0 590.0 588.0 587.0 585.0 582.0 579.0 576.0 574.0 571.0 568.0 564.0 561.0 559.0 552.0 548.0 550.0 549.0 552.0 556.0 559.0 560.0 560.0 557.0 553.0 549.0 544.0 540.0 536.0 533.0 529.0 526.0 522.0 518.0 514.0 509.0 505.0 499.0 499.0 500.0 499.0 501.0 502.0 504.0 506.0 508.0
-9999 -9999 -9999 -9999 -9999 -9999 -9999 -9999 -9999 -9999 -9999 -9999 -9999 -9999 -9999 -9999 -9999 -9999 -9999 -9999 -9999 -9999 -9999 643.0 641.0 636.0 629.0 621.0 611.0 602.0 591.0 586.0 582.0 583.0 582.0 581.0 579.0 577.0 574.0 571.0 569.0 566.0 563.0 560.0 557.0 552.0 548.0 545.0 538.0 544.0 548.0 552.0 554.0 553.0 551.0 548.0 544.0 540.0 536.0 532.0 529.0 525.0 521.0 517.0 512.0 507.0 501.0 500.0 499.0 499.0 499.0 501.0 503.0 505.0 507.0 509.0 512.0
-9999 -9999 -9999 -9999 -9999 -9999 -9999 -9999 -9999 -9999 -9999 -9999 -9999 -9999 -9999 -9999 -9999 -9999 -9999 -9999 -9999 -9999 -9999 -9999 642.0 639.0 634.0 627.0 619.0 611.0 602.0 594.0 582.0 578.0 576.0 577.0 577.0 575.0 573.0 569.0 566.0 563.0 561.0 559.0 555.0 552.0 548.0 544.0 538.0 536.0 541.0 545.0 547.0 547.0 546.0 543.0 540.0 536.0 532.0 529.0 525.0 521.0 517.0 513.0 508.0 501.0 501.0 500.0 501.0 501.0 502.0 503.0 505.0 507.0 510.0 513.0 516.0
-9999 -9999 -9999 -9999 -9999 -9999 -9999 -9999 -9999 -9999 -9999 -9999 -9999 -9999 -9999 -9999 -9999 -9999 -9999 -9999 -9999 -9999 -9999 -9999 645.0 643.0 638.0 633.0 626.0 619.0 611.0 603.0 594.0 587.0 576.0 575.0 574.0 575.0 572.0 567.0 563.0 560.0 560.0 558.0 555.0 551.0 548.0 544.0 540.0 535.0 535.0 539.0 541.0 541.0 540.0 538.0 535.0 532.0 529.0 525.0 522.0 518.0 514.0 510.0 506.0 501.0 501.0 502.0 502.0 503.0 504.0 506.0 507.0 510.0 513.0 518.0 522.0
-9999 -9999 -9999 -9999 -9999 -9999 -9999 -9999 -9999 -9999 -9999 -9999 -9999 -9999 -9999 -9999 -9999 -9999 -9999 -9999 -9999 -9999 -9999 -9999 -9999 646.0 643.0 638.0 632.0 625.0 618.0 611.0 603.0 596.0 589.0 586.0 583.0 581.0 577.0 572.0 568.0 563.0 560.0 557.0 554.0 551.0 547.0 546.0 542.0 538.0 536.0 535.0 536.0 536.0 535.0 534.0 531.0 529.0 526.0 523.0 519.0 515.0 512.0 508.0 505.0 501.0 502.0 503.0 504.0 505.0 506.0 508.0 510.0 514.0 518.0 523.0 529.0
-9999 -9999 -9999 -9999 -9999 -9999 -9999 -9999 -9999 -9999 -9999 -9999 -9999 -9999 -9999 -9999 -9999 -9999 -9999 -9999 -9999 -9999 -9999 -9999 -9999 649.0 646.0 641.0 635.0 628.0 621.0 614.0 608.0 602.0 597.0 593.0 590.0 587.0 583.0 577.0 571.0 566.0 561.0 557.0 554.0 551.0 548.0 546.0 544.0 538.0 536.0 532.0 532.0 532.0 531.0 530.0 528.0 525.0 523.0 520.0 517.0 513.0 510.0 507.0 504.0 502.0 502.0 504.0 505.0 506.0 508.0 510.0 513.0 517.0 523.0 529.0 536.0
-9999 -9999 -9999 -9999 -9999 -9999 -9999 -9999 -9999 -9999 -9999 -9999 -9999 -9999 -9999 -9999 -9999 -9999 -9999 -9999 -9999 -9999 -9999 -9999 -9999 650.0 648.0 643.0 636.0 629.0 621.0 614.0 608.0 603.0 600.0 597.0 594.0 591.0 587.0 581.0 574.0 568.0 562.0 557.0 553.0 550.0 547.0 545.0 542.0 539.0 536.0 532.0 530.0 530.0 528.0 526.0 524.0 522.0 520.0 517.0 515.0 512.0 509.0 506.0 503.0 503.0 504.0 505.0 507.0 508.0 510.0 513.0 517.0 521.0 527.0 534.0 541.0
-9999 -9999 -9999 -9999 -9999 -9999 -9999 -9999 -9999 -9999 -9999 -9999 -9999 -9999 -9999 -9999 -9999 -9999 -9999 -9999 -9999 -9999 -9999 -9999 -9999 -9999 648.0 643.0 636.0 628.0 620.0 613.0 606.0 602.0 599.0 597.0 596.0 593.0 589.0 583.0 576.0 569.0 562.0 557.0 552.0 549.0 546.0 544.0 541.0 538.0 535.0 532.0 528.0 525.0 524.0 522.0 520.0 518.0 516.0 514.0 512.0 510.0 508.0 506.0 503.0 504.0 505.0 507.0 508.0 510.0 513.0 516.0 520.0 525.0 531.0 538.0 546.0
