data/PosinaDailyOneYear/30/rescaled_30.asc
NCOLS 582
NROWS 339
XLLCORNER 1668940.0
YLLCORNER 5070820.0
CELLSIZE 20.0
NODATA_VALUE -9999
[rows 196 to 223 of 339, columns 390 to 454 of 582]
3306.1731573020284 3595.046173579947 3677.8888860545662 3849.6046148071046 4021.3203435596424 4221.320343559642 4304.163056034262 4387.005768508881 4226.761902332486 4309.604614807105 4144.163056034262 3612.7922061357854 4139.066376115481 3539.0663761154806 3221.9090885901 3021.9090885901 2939.066376115481 2856.2236636408616 2773.380951166243 2690.538238691624 2607.695526217005 2524.8528137423855 2607.695526217005 2690.538238691624 2773.3809511662425 2856.2236636408616 732.5483399593904 469.7056274847714 732.5483399593904 1264.2640687119285 1527.1067811865476 1969.9494936611666 2819.0663761154806 2936.8124086713187 3185.340546095176 -9999 -9999 -9999 -9999 -9999 -9999 -9999 -9999 -9999 -9999 -9999 -9999 -9999 -9999 -9999 -9999 -9999 -9999 -9999 -9999 -9999 -9999 -9999 -9999 -9999 -9999 -9999 -9999 -9999 -9999
3471.6147160748715 3589.0158697766474 3877.8888860545662 4049.6046148071046 4221.320343559642 4421.320343559642 4504.163056034262 4587.005768508881 4426.761902332486 4509.604614807105 4344.163056034262 3812.7922061357854 3821.9090885900996 3504.751801064719 3304.751801064719 3221.9090885901 3139.0663761154806 3056.223663640862 2973.380951166243 2890.538238691624 2807.6955262170045 2724.8528137423855 2807.695526217005 2890.538238691624 2973.380951166243 3056.2236636408616 932.5483399593904 669.7056274847714 497.9898987322333 1015.3910524340095 1547.1067811865476 1809.9494936611666 3019.0663761154806 3136.8124086713187 3385.340546095176 -9999 -9999 -9999 -9999 -9999 -9999 -9999 -9999 -9999 -9999 -9999 -9999 -9999 -9999 -9999 -9999 -9999 -9999 -9999 -9999 -9999 -9999 -9999 -9999 -9999 -9999 -9999 -9999 -9999 -9999
3554.4574285494905 3754.4574285494905 3871.8585822512664 4249.604614807105 4332.447327281723 4504.163056034262 4704.163056034262 4787.005768508881 4869.848480983501 4709.6046148071055 4544.163056034262 4012.7922061357854 4021.9090885900996 3704.751801064719 3504.751801064719 3656.223663640862 3456.223663640862 3256.223663640862 3173.380951166243 3090.5382386916235 3007.6955262170045 2924.8528137423855 3007.695526217005 3090.538238691624 3173.380951166243 3256.2236636408616 1132.5483399593904 869.7056274847714 517.9898987322333 780.8326112068523 1298.2337649086285 2009.9494936611666 2092.792206135786 3336.8124086713187 3585.340546095176 -9999 -9999 -9999 -9999 -9999 -9999 -9999 -9999 -9999 -9999 -9999 -9999 -9999 -9999 -9999 -9999 -9999 -9999 -9999 -9999 -9999 -9999 -9999 -9999 -9999 -9999 -9999 -9999 -9999 -9999
3754.45742854949 3837.3001410241095 4037.3001410241095 4154.701294725885 4532.447327281723 4704.163056034262 4904.163056034262 4987.005768508881 5069.848480983501 4909.6046148071055 4744.163056034262 4304.751801064718 3987.594513539338 4139.066376115481 3939.066376115481 3739.066376115481 3656.223663640862 3456.223663640862 3373.3809511662425 3290.5382386916235 3207.6955262170045 3124.8528137423855 3207.695526217005 3290.538238691624 3373.380951166243 3456.2236636408616 1332.5483399593904 1069.7056274847714 537.9898987322333 737.9898987322333 1063.6753236814714 1581.0764773832475 2292.792206135786 3536.8124086713187 -9999 -9999 -9999 -9999 -9999 -9999 -9999 -9999 -9999 -9999 -9999 -9999 -9999 -9999 -9999 -9999 -9999 -9999 -9999 -9999 -9999 -9999 -9999 -9999 -9999 -9999 -9999 -9999 -9999 -9999 -9999
3837.300141024109 4037.300141024109 4120.142853498728 4354.701294725885 4732.447327281723 4904.163056034262 4987.005768508881 5187.005768508881 5269.848480983501 5352.69119345812 4944.163056034262 4270.437226013957 4421.9090885901005 4339.066376115481 4139.066376115481 3939.066376115481 3739.066376115481 3656.2236636408616 3573.3809511662425 3490.5382386916235 3407.6955262170045 3324.8528137423855 3407.6955262170045 3490.538238691624 3573.380951166243 3656.2236636408616 1532.5483399593904 820.8326112068523 557.9898987322333 820.8326112068523 1020.8326112068523 1220.8326112068523 1863.9191898578665 2575.634918610405 -9999 -9999 -9999 -9999 -9999 -9999 -9999 -9999 -9999 -9999 -9999 -9999 -9999 -9999 -9999 -9999 -9999 -9999 -9999 -9999 -9999 -9999 -9999 -9999 -9999 -9999 -9999 -9999 -9999 -9999 -9999
3948.42712474619 4120.142853498728 4320.142853498728 4402.985565973348 4932.447327281723 5015.290039756343 5187.005768508881 5269.848480983501 5469.848480983501 5552.69119345812 4553.279938488577 4704.75180106472 4621.9090885901005 4421.9090885901005 4221.9090885901005 4021.9090885901 3939.0663761154806 3856.2236636408616 3773.3809511662425 3690.5382386916235 3607.6955262170045 3524.8528137423855 3607.6955262170045 3690.5382386916235 3773.380951166243 3856.223663640862 1103.6753236814714 840.8326112068523 757.9898987322333 586.2741699796952 786.2741699796952 986.2741699796952 1503.6753236814714 2146.7619023324855 -9999 -9999 -9999 -9999 -9999 -9999 -9999 -9999 -9999 -9999 -9999 -9999 -9999 -9999 -9999 -9999 -9999 -9999 -9999 -9999 -9999 -9999 -9999 -9999 -9999 -9999 -9999 -9999 -9999 -9999 -9999
4148.42712474619 4231.269837220809 4402.985565973348 4602.985565973348 5132.447327281723 5215.290039756343 5387.005768508881 5469.848480983501 5552.69119345812 5752.69119345812 4987.5945135393395 4904.75180106472 4704.75180106472 4504.75180106472 4421.9090885901 4221.9090885901 4139.066376115481 4056.2236636408616 3973.3809511662425 3890.5382386916235 3807.6955262170045 3890.5382386916235 3807.6955262170045 3890.5382386916235 3973.3809511662425 4056.223663640862 1303.6753236814714 1040.8326112068523 957.9898987322333 606.2741699796952 869.1168824543142 1069.1168824543142 1269.1168824543142 1786.5180361560904 -9999 -9999 -9999 -9999 -9999 -9999 -9999 -9999 -9999 -9999 -9999 -9999 -9999 -9999 -9999 -9999 -9999 -9999 -9999 -9999 -9999 -9999 -9999 -9999 -9999 -9999 -9999 -9999 -9999 -9999 -9999
4348.42712474619 4431.269837220809 4514.112549695428 4802.985565973348 5332.447327281723 5415.290039756343 5587.005768508881 5669.848480983501 5752.69119345812 5952.69119345812 6035.53390593274 4987.5945135393395 4787.5945135393395 4704.751801064718 4504.751801064718 4421.9090885901005 4339.066376115481 4256.223663640862 4173.380951166242 4090.5382386916235 4007.6955262170045 4090.5382386916235 4173.380951166242 4090.5382386916235 4173.380951166242 4256.223663640862 1323.6753236814714 1240.8326112068523 889.1168824543142 626.2741699796952 889.1168824543142 1089.1168824543142 1351.9595949289333 1551.9595949289333 -9999 -9999 -9999 -9999 -9999 -9999 -9999 -9999 -9999 -9999 -9999 -9999 -9999 -9999 -9999 -9999 -9999 -9999 -9999 -9999 -9999 -9999 -9999 -9999 -9999 -9999 -9999 -9999 -9999 -9999 -9999
4548.427124746191 4631.269837220809 4714.112549695428 5002.985565973348 5532.447327281723 5615.290039756343 5787.005768508881 5869.848480983501 5952.69119345812 6035.53390593274 6235.53390593274 5070.437226013959 4987.594513539338 4787.594513539338 4704.75180106472 4621.9090885901005 4539.066376115481 4456.223663640862 4373.380951166242 4290.5382386916235 4207.695526217005 4290.5382386916235 4373.380951166242 4290.5382386916235 4373.380951166242 4456.223663640862 1523.6753236814714 1171.9595949289333 1089.1168824543142 826.2741699796952 654.5584412271571 854.5584412271571 1371.9595949289333 1634.8023074035523 -9999 -9999 -9999 -9999 -9999 -9999 -9999 -9999 -9999 -9999 -9999 -9999 -9999 -9999 -9999 -9999 -9999 -9999 -9999 -9999 -9999 -9999 -9999 -9999 -9999 -9999 -9999 -9999 -9999 -9999 -9999
4479.554108468272 4831.269837220811 4914.112549695428 5202.985565973348 5898.132752230962 6069.848480983501 5987.005768508881 6069.848480983501 6152.69119345812 6235.53390593274 6435.53390593274 5270.437226013957 5070.437226013957 4987.5945135393395 4904.75180106472 4821.9090885901005 4739.066376115481 4656.223663640862 4573.380951166242 4490.5382386916235 4573.380951166242 4490.538238691624 4573.380951166242 4656.223663640862 4573.380951166242 4656.223663640862 1723.6753236814714 1371.9595949289333 1109.1168824543142 1026.2741699796952 854.5584412271571 682.842712474619 1137.4011537017761 1654.8023074035523 1917.6450198781713 -9999 -9999 -9999 -9999 -9999 -9999 -9999 -9999 -9999 -9999 -9999 -9999 -9999 -9999 -9999 -9999 -9999 -9999 -9999 -9999 -9999 -9999 -9999 -9999 -9999 -9999 -9999 -9999 -9999 -9999
4679.554108468272 4762.396820942891 5114.11254969543 5402.985565973348 6352.69119345812 6269.848480983501 6187.005768508881 6269.848480983501 6352.69119345812 6435.53390593274 6518.376618407359 5470.437226013957 5270.437226013959 5187.5945135393395 5104.75180106472 5021.9090885901005 4939.066376115481 4856.223663640862 4773.380951166242 4690.5382386916235 4773.380951166242 4690.538238691624 4773.380951166242 4856.223663640862 4773.380951166242 4856.223663640862 1923.6753236814714 1571.9595949289333 1309.1168824543142 1226.2741699796952 1054.5584412271571 1137.4011537017761 965.685424949238 1420.2438661763952 1937.6450198781713 -9999 -9999 -9999 -9999 -9999 -9999 -9999 -9999 -9999 -9999 -9999 -9999 -9999 -9999 -9999 -9999 -9999 -9999 -9999 -9999 -9999 -9999 -9999 -9999 -9999 -9999 -9999 -9999 -9999 -9999
4941.564209736038 4962.396820942891 5045.239533417511 5602.985565973348 6552.69119345812 6469.848480983501 6552.69119345812 6469.848480983501 6552.69119345812 6635.53390593274 6718.376618407359 5553.279938488578 5470.437226013959 5387.5945135393395 5304.75180106472 5221.9090885901005 5139.066376115481 5056.223663640862 5139.066376115481 4890.5382386916235 4973.380951166242 4890.538238691624 4973.380951166242 5056.223663640862 5139.066376115481 5056.223663640862 2123.675323681471 1591.9595949289333 1509.1168824543142 1426.2741699796952 1254.5584412271571 1337.4011537017761 1420.2438661763952 1248.528137423857 2137.6450198781713 -9999 -9999 -9999 -9999 -9999 -9999 -9999 -9999 -9999 -9999 -9999 -9999 -9999 -9999 -9999 -9999 -9999 -9999 -9999 -9999 -9999 -9999 -9999 -9999 -9999 -9999 -9999 -9999 -9999 -9999
5272.69119345812 5224.406922210657 5245.239533417511 5328.08224589213 6752.69119345812 6835.53390593274 6752.69119345812 6669.848480983501 6752.69119345812 6835.53390593274 6918.376618407359 5753.279938488578 5670.437226013959 5587.5945135393395 5504.75180106472 5421.9090885901005 5339.066376115481 5256.223663640862 5339.066376115481 5090.5382386916235 5173.380951166242 5256.223663640862 5173.380951166244 5256.223663640862 5339.066376115481 5256.223663640862 2323.675323681471 1791.9595949289333 1709.1168824543142 1626.2741699796952 1454.5584412271571 1537.4011537017761 1620.2438661763952 1703.0865786510142 1531.370849898476 -9999 -9999 -9999 -9999 -9999 -9999 -9999 -9999 -9999 -9999 -9999 -9999 -9999 -9999 -9999 -9999 -9999 -9999 -9999 -9999 -9999 -9999 -9999 -9999 -9999 -9999 -9999 -9999 -9999 -9999
5355.53390593274 5555.53390593274 5507.249634685277 5528.08224589213 7118.376618407359 7035.53390593274 6952.69119345812 6869.848480983501 6952.69119345812 7035.53390593274 7118.376618407359 5953.279938488578 5870.437226013959 5787.5945135393395 5704.75180106472 5621.9090885901005 5539.066376115481 5456.223663640862 5539.066376115481 5621.9090885901005 5373.380951166242 5456.223663640862 5373.380951166244 5456.223663640862 5539.066376115481 5456.223663640862 2523.675323681471 1991.9595949289333 1909.1168824543142 1826.2741699796952 1654.5584412271571 1737.4011537017761 1820.2438661763952 1903.0865786510142 1731.370849898476 -9999 -9999 -9999 -9999 -9999 -9999 -9999 -9999 -9999 -9999 -9999 -9999 -9999 -9999 -9999 -9999 -9999 -9999 -9999 -9999 -9999 -9999 -9999 -9999 -9999 -9999 -9999 -9999 -9999 -9999
5438.376618407359 5638.376618407359 5707.249634685277 5790.092347159896 7318.376618407359 7235.53390593274 7152.69119345812 7069.848480983501 7152.69119345812 7235.53390593274 7318.376618407359 6153.279938488578 6070.437226013959 5987.5945135393395 5904.75180106472 5821.9090885901005 5739.066376115481 5821.9090885901005 5739.066376115481 5821.9090885901005 5904.75180106472 5656.223663640862 5739.066376115481 5656.223663640863 5739.066376115481 5656.223663640862 2274.8023074035523 2191.9595949289333 2109.1168824543142 1937.4011537017761 1854.5584412271571 1937.4011537017761 2020.2438661763952 2103.086578651014 1931.370849898476 -9999 -9999 -9999 -9999 -9999 -9999 -9999 -9999 -9999 -9999 -9999 -9999 -9999 -9999 -9999 -9999 -9999 -9999 -9999 -9999 -9999 -9999 -9999 -9999 -9999 -9999 -9999 -9999 -9999 -9999
5521.219330881979 5838.376618407359 5907.249634685277 5990.092347159896 7518.376618407359 7435.53390593274 7352.69119345812 7269.848480983501 7352.69119345812 7435.53390593274 7518.376618407359 6353.279938488578 6270.437226013959 6187.5945135393395 6104.75180106472 6021.9090885901005 5939.066376115481 6021.9090885901005 6104.75180106472 6021.9090885901005 6104.75180106472 6187.5945135393395 5939.066376115481 5856.223663640863 5939.066376115481 5856.223663640862 2474.8023074035523 2391.9595949289333 2309.1168824543142 2137.401153701776 2220.2438661763954 2137.401153701776 2220.2438661763954 2303.086578651014 2131.370849898476 2214.213562373095 -9999 -9999 -9999 -9999 -9999 -9999 -9999 -9999 -9999 -9999 -9999 -9999 -9999 -9999 -9999 -9999 -9999 -9999 -9999 -9999 -9999 -9999 -9999 -9999 -9999 -9999 -9999 -9999 -9999
5721.219330881979 5804.062043356598 6121.219330881979 6190.092347159896 7718.376618407359 7635.53390593274 7552.69119345812 7469.848480983501 7552.69119345812 7635.53390593274 6636.122650963198 6553.279938488578 6470.437226013959 6387.5945135393395 6304.75180106472 6221.9090885901005 6139.066376115481 6221.9090885901005 6304.75180106472 6387.5945135393395 6304.75180106472 6387.5945135393395 6470.437226013959 6221.9090885901005 6139.066376115481 6056.223663640862 2674.8023074035523 2591.9595949289333 2420.243866176395 2337.401153701776 2420.2438661763954 2337.401153701776 2420.2438661763954 2503.086578651014 2331.370849898476 2414.213562373095 -9999 -9999 -9999 -9999 -9999 -9999 -9999 -9999 -9999 -9999 -9999 -9999 -9999 -9999 -9999 -9999 -9999 -9999 -9999 -9999 -9999 -9999 -9999 -9999 -9999 -9999 -9999 -9999 -9999
5921.219330881979 6004.062043356598 6321.219330881979 6390.092347159896 7918.376618407359 7835.53390593274 7752.69119345812 7835.53390593274 7752.69119345812 6918.965363437817 6836.122650963198 6753.279938488578 6670.437226013959 6587.5945135393395 6504.75180106472 6421.9090885901005 6339.066376115481 6421.9090885901005 6504.75180106472 6587.5945135393395 6670.437226013959 6587.5945135393395 6670.437226013959 6753.279938488578 6504.75180106472 6256.223663640862 2874.8023074035523 2791.9595949289333 2620.243866176395 2703.0865786510144 2620.2438661763954 2537.401153701776 2620.2438661763954 2703.086578651014 2531.370849898476 2614.213562373095 2697.056274847714 -9999 -9999 -9999 -9999 -9999 -9999 -9999 -9999 -9999 -9999 -9999 -9999 -9999 -9999 -9999 -9999 -9999 -9999 -9999 -9999 -9999 -9999 -9999 -9999 -9999 -9999 -9999 -9999
5915.189027078679 6204.062043356598 6521.219330881979 6590.092347159896 8118.376618407359 8035.53390593274 7952.69119345812 8035.53390593274 7952.69119345812 7118.965363437817 7036.122650963198 6953.279938488578 6870.437226013959 6787.5945135393395 6704.75180106472 6621.9090885901005 6539.066376115481 6621.9090885901005 6704.75180106472 6787.5945135393395 6870.437226013959 6953.279938488578 6870.437226013959 6953.279938488578 6704.75180106472 6456.223663640862 3074.8023074035523 2903.086578651014 2985.9292911256334 2903.0865786510144 2820.243866176395 2903.0865786510144 2985.929291125633 2814.213562373095 2731.370849898476 2814.213562373095 2897.056274847714 -9999 -9999 -9999 -9999 -9999 -9999 -9999 -9999 -9999 -9999 -9999 -9999 -9999 -9999 -9999 -9999 -9999 -9999 -9999 -9999 -9999 -9999 -9999 -9999 -9999 -9999 -9999 -9999
6026.31601080076 6198.031739553298 6486.904755831218 6790.092347159896 8318.37661840736 8235.53390593274 8152.69119345812 8235.53390593274 8152.69119345812 7318.965363437817 7236.122650963198 7153.279938488578 7070.437226013959 6987.5945135393395 6904.75180106472 6821.9090885901005 6739.066376115481 6821.9090885901005 6904.75180106472 6987.5945135393395 7070.437226013959 7153.279938488578 7353.279938488578 7153.279938488578 7236.122650963198 6987.5945135393395 3274.8023074035523 3103.086578651014 3185.9292911256334 3103.086578651014 3020.243866176395 3103.0865786510144 3185.929291125633 3014.213562373095 2931.370849898476 3014.213562373095 3097.056274847714 -9999 -9999 -9999 -9999 -9999 -9999 -9999 -9999 -9999 -9999 -9999 -9999 -9999 -9999 -9999 -9999 -9999 -9999 -9999 -9999 -9999 -9999 -9999 -9999 -9999 -9999 -9999 -9999
6109.158723275379 6398.031739553298 6686.904755831218 6990.092347159896 8518.37661840736 8435.53390593274 8352.69119345812 8435.53390593274 8352.69119345812 7518.965363437817 7436.122650963198 7353.279938488578 7270.437226013959 7187.5945135393395 7104.75180106472 7021.9090885901005 6939.066376115481 7021.9090885901005 7104.75180106472 7187.5945135393395 7270.437226013959 7470.437226013959 7670.437226013959 7636.122650963198 7836.122650963198 7518.965363437817 3474.8023074035523 3468.7720036002524 3385.929291125633 3303.086578651014 3385.9292911256334 3468.772003600252 3297.056274847714 3214.213562373095 3131.370849898476 3214.213562373095 3297.056274847714 -9999 -9999 -9999 -9999 -9999 -9999 -9999 -9999 -9999 -9999 -9999 -9999 -9999 -9999 -9999 -9999 -9999 -9999 -9999 -9999 -9999 -9999 -9999 -9999 -9999 -9999 -9999 -9999
6309.158723275379 6392.001435749999 6886.904755831218 7190.092347159896 8718.37661840736 8635.53390593274 8718.37661840736 8635.53390593274 7801.808075912437 7718.965363437817 7636.122650963198 7553.279938488578 7470.437226013959 7387.5945135393395 7304.75180106472 7221.9090885901005 7139.066376115481 7221.9090885901005 7304.75180106472 7387.5945135393395 7470.437226013959 7670.437226013959 7753.279938488578 7953.279938488578 8153.279938488578 8118.965363437817 7801.808075912437 3668.772003600252 3585.929291125633 3668.7720036002524 3751.614716074871 3579.898987322333 3497.056274847714 3414.213562373095 3331.370849898476 3414.213562373095 3497.056274847714 -9999 -9999 -9999 -9999 -9999 -9999 -9999 -9999 -9999 -9999 -9999 -9999 -9999 -9999 -9999 -9999 -9999 -9999 -9999 -9999 -9999 -9999 -9999 -9999 -9999 -9999 -9999 -9999
6446.31601080076 6592.001435749999 7086.904755831218 7169.747468305837 8918.37661840736 8835.53390593274 8918.37661840736 8835.53390593274 8001.808075912437 7918.965363437817 7836.122650963198 7753.279938488578 7670.437226013959 7587.5945135393395 7504.75180106472 7421.9090885901005 7339.066376115481 7421.9090885901005 7504.75180106472 7587.5945135393395 7670.437226013959 7870.437226013959 7953.279938488578 8153.279938488578 8353.279938488578 8553.279938488578 8401.808075912437 3868.772003600252 3951.6147160748715 4034.45742854949 3862.741699796952 3779.898987322333 3697.056274847714 3614.213562373095 3531.370849898476 3614.213562373095 3697.056274847714 -9999 -9999 -9999 -9999 -9999 -9999 -9999 -9999 -9999 -9999 -9999 -9999 -9999 -9999 -9999 -9999 -9999 -9999 -9999 -9999 -9999 -9999 -9999 -9999 -9999 -9999 -9999 -9999
6529.158723275379 6792.001435749999 6874.844148224618 7369.747468305837 9118.37661840736 9035.53390593274 9118.37661840736 9035.53390593274 8201.808075912437 8118.965363437817 8036.122650963198 7953.279938488578 7870.437226013959 7787.5945135393395 7704.75180106472 7621.9090885901005 7704.75180106472 7621.9090885901005 7704.75180106472 7787.5945135393395 7870.437226013959 7953.279938488578 8153.279938488578 8353.279938488578 8553.279938488578 8636.122650963198 8836.122650963198 4068.772003600252 4317.300141024109 4145.584412271572 4062.741699796952 3979.898987322333 3897.056274847714 3814.213562373095 3731.370849898476 3814.213562373095 3897.056274847714 -9999 -9999 -9999 -9999 -9999 -9999 -9999 -9999 -9999 -9999 -9999 -9999 -9999 -9999 -9999 -9999 -9999 -9999 -9999 -9999 -9999 -9999 -9999 -9999 -9999 -9999 -9999 -9999
6334.600282048221 6812.001435749999 7074.844148224618 7569.747468305837 9318.37661840736 9401.219330881979 9318.37661840736 8484.650788387056 8401.808075912437 8318.965363437817 8236.122650963198 8153.279938488578 8070.437226013959 7987.5945135393395 7904.75180106472 7821.9090885901005 7904.75180106472 7821.9090885901005 7904.75180106472 7987.5945135393395 8070.437226013959 8153.279938488578 8353.279938488578 8553.279938488578 8753.279938488578 8953.279938488578 9153.279938488578 9118.965363437817 4428.427124746191 4345.584412271572 4262.741699796952 4179.898987322333 4097.056274847714 4014.213562373095 3931.370849898476 4014.213562373095 4097.056274847714 4179.898987322333 -9999 -9999 -9999 -9999 -9999 -9999 -9999 -9999 -9999 -9999 -9999 -9999 -9999 -9999 -9999 -9999 -9999 -9999 -9999 -9999 -9999 -9999 -9999 -9999 -9999 -9999 -9999
6534.600282048221 7012.001435749999 7274.844148224618 7769.747468305837 9518.37661840736 9601.219330881979 9518.37661840736 8684.650788387056 8601.808075912437 8518.965363437817 8436.122650963198 8353.279938488578 8270.437226013959 8187.5945135393395 8104.75180106472 8021.9090885901005 8104.75180106472 8021.9090885901005 8104.75180106472 8187.5945135393395 8270.437226013959 8353.279938488578 8436.122650963198 8636.122650963198 8836.122650963198 9036.122650963198 9236.122650963198 9436.122650963198 4628.427124746191 4545.584412271572 4462.741699796952 4379.898987322333 4297.056274847714 4214.213562373096 4131.370849898476 4214.213562373096 4297.056274847714 4379.898987322333 -9999 -9999 -9999 -9999 -9999 -9999 -9999 -9999 -9999 -9999 -9999 -9999 -9999 -9999 -9999 -9999 -9999 -9999 -9999 -9999 -9999 -9999 -9999 -9999 -9999 -9999 -9999
6734.600282048223 6817.44299452284 7294.844148224618 7969.747468305837 9718.37661840736 9801.219330881979 9718.37661840736 8884.650788387056 8801.808075912437 8718.965363437817 8636.122650963198 8553.279938488578 8470.437226013959 8387.59451353934 8304.75180106472 8221.9090885901 8304.75180106472 8221.9090885901 8304.75180106472 8387.59451353934 8470.437226013959 8553.279938488578 8636.122650963198 8718.965363437817 8918.965363437817 9118.965363437817 9318.965363437817 9518.965363437817 9718.965363437817 4745.584412271572 4662.741699796952 4579.898987322333 4497.056274847715 4414.213562373096 4331.370849898476 4414.213562373096 4497.056274847714 4579.898987322333 4662.741699796952 -9999 -9999 -9999 -9999 -9999 -9999 -9999 -9999 -9999 -9999 -9999 -9999 -9999 -9999 -9999 -9999 -9999 -9999 -9999 -9999 -9999 -9999 -9999 -9999 -9999 -9999
6637.44299452284 7017.442994522842 7494.844148224618 8169.747468305837 9918.37661840736 10001.219330881979 9167.493500861676 9084.650788387056 9001.808075912437 8918.965363437817 8836.122650963198 8753.279938488578 8670.437226013959 8587.59451353934 8504.75180106472 8421.9090885901 8504.75180106472 8587.59451353934 8504.75180106472 8587.59451353934 8670.437226013959 8753.279938488578 8836.122650963198 8918.965363437817 9001.808075912437 9201.808075912437 9401.808075912437 9601.808075912437 9801.808075912437 4945.584412271572 4862.741699796952 4779.8989873223345 4697.056274847715 4614.213562373096 4697.056274847715 4614.213562373096 4697.056274847714 4779.898987322333 4862.741699796952 4945.584412271572 -9999 -9999 -9999 -9999 -9999 -9999 -9999 -9999 -9999 -9999 -9999 -9999 -9999 -9999 -9999 -9999 -9999 -9999 -9999 -9999 -9999 -9999 -9999 -9999 -9999
