data/PosinaDailyOneYear/30/rescaled_30.asc
NCOLS 582
NROWS 339
XLLCORNER 1668940.0
YLLCORNER 5070820.0
CELLSIZE 20.0
NODATA_VALUE -9999
[rows 280 to 307 of 339, columns 390 to 454 of 582]
10382.539674441625 6084.751801064724 6001.909088590104 5292.447327281729 5120.73159852919 4769.015869776653 4686.173157302033 4514.457428549496 4431.614716074877 4079.8989873223386 3728.1832585698007 3645.3405460951817 3473.624817342644 3673.624817342644 3873.624817342644 4073.624817342644 4273.624817342644 4473.624817342644 4991.025971044421 5191.025971044421 5708.427124746197 5908.427124746197 6108.427124746197 6308.427124746197 6508.427124746197 6708.427124746197 6908.427124746197 7108.427124746197 7308.427124746197 7508.427124746197 17091.168824543147 17008.326112068527 16925.483399593908 16842.64068711929 16759.79797464467 16676.95526217005 16759.79797464467 16842.64068711929 16925.483399593908 -9999 -9999 -9999 -9999 -9999 -9999 -9999 -9999 -9999 -9999 -9999 -9999 -9999 -9999 -9999 -9999 -9999 -9999 -9999 -9999 -9999 -9999 -9999 -9999 -9999 -9999
11168.32611206853 10665.382386916244 6201.909088590104 5492.447327281729 5320.73159852919 4969.015869776653 4886.173157302033 4714.457428549496 4362.741699796958 4011.0259710444197 3928.1832585698007 3845.3405460951817 3928.1832585698007 3501.909088590106 3701.909088590106 3813.036072312187 4013.036072312187 4213.036072312187 4413.036072312187 4613.036072312187 5473.86868351904 5673.86868351904 6191.269837220816 6391.269837220816 6591.269837220816 6791.269837220816 6991.269837220816 7191.269837220816 7391.269837220816 7591.269837220816 7791.269837220816 17208.326112068527 17125.483399593908 17042.64068711929 16959.79797464467 16876.95526217005 16959.79797464467 17042.64068711929 17125.483399593908 -9999 -9999 -9999 -9999 -9999 -9999 -9999 -9999 -9999 -9999 -9999 -9999 -9999 -9999 -9999 -9999 -9999 -9999 -9999 -9999 -9999 -9999 -9999 -9999 -9999 -9999
11768.32611206853 10865.382386916244 6401.909088590104 5692.447327281729 5520.73159852919 5169.015869776653 5086.173157302033 4914.457428549496 4562.741699796958 4211.02597104442 4128.183258569801 4045.3405460951817 4128.183258569801 3701.909088590106 3530.193359837568 3730.193359837568 3930.193359837568 4130.193359837568 4330.193359837568 4695.878784786806 4895.878784786806 5756.71139599366 5956.71139599366 6474.1125496954355 6674.1125496954355 6874.1125496954355 7074.1125496954355 7274.1125496954355 7474.1125496954355 7674.1125496954355 7874.1125496954355 17408.326112068527 17325.483399593908 17242.64068711929 17159.79797464467 17076.95526217005 17159.79797464467 17242.64068711929 17325.483399593908 -9999 -9999 -9999 -9999 -9999 -9999 -9999 -9999 -9999 -9999 -9999 -9999 -9999 -9999 -9999 -9999 -9999 -9999 -9999 -9999 -9999 -9999 -9999 -9999 -9999 -9999
11851.168824543149 12051.168824543149 11148.225099390864 6684.751801064724 5720.73159852919 5369.015869776653 5286.173157302033 4845.584412271577 4762.741699796958 4411.02597104442 4328.183258569801 4411.025971044421 3984.751801064725 3901.909088590106 3550.193359837568 3750.193359837568 3950.193359837568 4150.193359837568 4350.193359837568 4550.193359837568 4750.193359837568 5178.721497261426 5378.721497261426 6239.554108468279 6756.955262170055 6956.955262170055 7156.955262170055 7356.955262170055 7556.955262170055 7756.955262170055 7956.955262170055 8156.955262170055 17691.168824543147 17442.64068711929 17359.79797464467 17276.95526217005 17359.79797464467 17442.64068711929 17525.483399593908 -9999 -9999 -9999 -9999 -9999 -9999 -9999 -9999 -9999 -9999 -9999 -9999 -9999 -9999 -9999 -9999 -9999 -9999 -9999 -9999 -9999 -9999 -9999 -9999 -9999 -9999
11934.011537017768 12134.011537017768 12334.011537017768 6884.751801064724 5920.73159852919 5569.015869776653 5486.173157302033 5045.584412271577 4693.868683519038 4611.025971044421 4693.86868351904 4267.594513539344 4184.751801064725 3950.193359837568 3750.193359837568 3578.47763108503 3778.47763108503 3978.47763108503 4178.47763108503 4378.47763108503 4578.47763108503 4778.47763108503 4978.47763108503 5661.564209736045 5861.564209736045 6061.564209736045 7239.7979746446745 7439.7979746446745 7639.7979746446745 7839.7979746446745 8039.7979746446745 8356.955262170055 17891.168824543147 17642.64068711929 17559.79797464467 17476.95526217005 17559.79797464467 17642.64068711929 17725.483399593908 -9999 -9999 -9999 -9999 -9999 -9999 -9999 -9999 -9999 -9999 -9999 -9999 -9999 -9999 -9999 -9999 -9999 -9999 -9999 -9999 -9999 -9999 -9999 -9999 -9999 -9999
12865.382386916246 13065.382386916246 13265.382386916246 12616.854249492388 7167.594513539343 6203.574311003809 5686.173157302033 5245.584412271577 4893.868683519038 4811.025971044421 4893.86868351904 4467.594513539345 4233.036072312187 4033.036072312187 3950.193359837568 3598.47763108503 3861.3203435596492 3909.6046148071114 4109.604614807111 4309.604614807111 4509.604614807111 4709.604614807111 4909.604614807111 5123.574311003813 5323.574311003813 5523.574311003813 6344.406922210665 6544.406922210665 6744.406922210665 6944.406922210665 8122.640687119294 8322.640687119294 8639.797974644674 18174.011537017766 17759.79797464467 17676.95526217005 17759.79797464467 17842.64068711929 17925.483399593908 -9999 -9999 -9999 -9999 -9999 -9999 -9999 -9999 -9999 -9999 -9999 -9999 -9999 -9999 -9999 -9999 -9999 -9999 -9999 -9999 -9999 -9999 -9999 -9999 -9999 -9999
13740.1846943198 13940.1846943198 13348.225099390866 13548.225099390866 13748.225099390866 7450.437226013963 5886.173157302033 5176.711395993658 5093.86868351904 5176.71139599366 5093.86868351904 4667.594513539345 4315.878784786806 4233.036072312187 3998.47763108503 3798.47763108503 3626.7619023324924 3826.7619023324924 4026.7619023324924 4226.761902332492 4426.761902332492 4640.731598529193 4840.731598529193 5040.731598529193 4971.858582251274 5171.858582251274 5371.858582251274 5737.544007200513 5937.544007200513 6137.544007200513 6337.544007200513 6537.544007200513 8605.483399593913 18374.011537017766 17959.79797464467 17876.95526217005 17959.79797464467 18042.64068711929 18125.483399593908 -9999 -9999 -9999 -9999 -9999 -9999 -9999 -9999 -9999 -9999 -9999 -9999 -9999 -9999 -9999 -9999 -9999 -9999 -9999 -9999 -9999 -9999 -9999 -9999 -9999 -9999
13823.02740679442 14023.02740679442 14223.02740679442 14423.02740679442 14623.02740679442 14823.02740679442 7733.279938488582 5376.711395993658 5459.554108468279 5376.71139599366 4950.437226013964 4598.721497261426 4515.878784786806 4281.32034355965 4081.3203435596492 3998.47763108503 3646.7619023324924 3909.6046148071114 4109.604614807111 4157.888886054574 4357.888886054574 4557.888886054574 4489.015869776655 4689.015869776655 4889.015869776655 5089.015869776655 5454.701294725894 5654.701294725894 6020.386719675133 6220.386719675133 6420.386719675133 6620.386719675133 6820.386719675133 7020.386719675133 18656.854249492386 18076.95526217005 18159.79797464467 18242.64068711929 18325.483399593908 -9999 -9999 -9999 -9999 -9999 -9999 -9999 -9999 -9999 -9999 -9999 -9999 -9999 -9999 -9999 -9999 -9999 -9999 -9999 -9999 -9999 -9999 -9999 -9999 -9999 -9999
-9999 -9999 -9999 -9999 -9999 -9999 -9999 8016.1226509632015 5659.554108468279 5576.71139599366 5150.437226013964 4798.721497261426 4564.163056034269 4329.604614807111 4129.604614807111 3929.6046148071114 3846.7619023324924 3675.0461735799545 3875.0461735799545 4075.0461735799545 4275.0461735799545 4206.173157302035 4406.173157302035 4606.173157302035 4806.173157302035 5171.858582251274 5537.544007200513 5737.544007200513 5937.544007200513 6137.544007200513 6337.544007200513 6537.544007200513 6737.544007200513 6937.544007200513 7137.544007200513 18939.696961967005 18359.79797464467 18442.64068711929 18525.483399593908 -9999 -9999 -9999 -9999 -9999 -9999 -9999 -9999 -9999 -9999 -9999 -9999 -9999 -9999 -9999 -9999 -9999 -9999 -9999 -9999 -9999 -9999 -9999 -9999 -9999 -9999
-9999 -9999 -9999 -9999 -9999 -9999 -9999 -9999 5859.554108468279 5433.279938488584 5081.564209736045 4847.005768508889 4612.44732728173 4412.44732728173 4329.604614807111 4129.604614807111 4046.7619023324924 4129.604614807111 3703.3304448274166 3723.3304448274166 3923.3304448274166 4123.330444827417 4323.330444827417 4689.015869776655 4889.015869776655 5254.701294725894 5454.701294725894 5654.701294725894 5854.701294725894 6054.701294725894 6254.701294725894 6454.701294725894 6654.701294725894 6854.701294725894 7054.701294725894 7420.386719675133 7620.386719675133 18642.64068711929 18725.483399593908 -9999 -9999 -9999 -9999 -9999 -9999 -9999 -9999 -9999 -9999 -9999 -9999 -9999 -9999 -9999 -9999 -9999 -9999 -9999 -9999 -9999 -9999 -9999 -9999 -9999 -9999
-9999 -9999 -9999 -9999 -9999 -9999 -9999 -9999 -9999 5633.279938488584 5129.848480983508 4895.29003975635 4812.44732728173 4612.44732728173 4529.604614807111 4329.604614807111 4246.761902332492 3986.1731573020356 3903.3304448274166 3986.1731573020356 4006.1731573020356 4206.173157302035 4406.173157302035 4606.173157302035 4971.858582251274 5171.858582251274 5371.858582251274 5571.858582251274 5771.858582251274 5971.858582251274 6171.858582251274 6537.544007200513 6737.544007200513 6937.544007200513 7137.544007200513 7337.544007200513 7537.544007200513 7903.229432149752 18925.483399593908 -9999 -9999 -9999 -9999 -9999 -9999 -9999 -9999 -9999 -9999 -9999 -9999 -9999 -9999 -9999 -9999 -9999 -9999 -9999 -9999 -9999 -9999 -9999 -9999 -9999 -9999
-9999 -9999 -9999 -9999 -9999 -9999 -9999 -9999 -9999 -9999 5178.132752230969 5095.29003975635 5012.44732728173 4812.44732728173 4729.604614807111 4529.604614807111 4612.44732728173 4529.604614807111 4103.330444827417 4289.015869776655 4206.173157302035 4289.015869776655 4489.015869776655 4689.015869776655 4889.015869776655 5089.015869776655 5289.015869776655 5489.015869776655 5854.701294725894 6054.701294725894 6254.701294725894 6454.701294725894 6820.386719675133 7020.386719675133 7220.386719675133 7420.386719675133 7620.386719675133 7820.386719675133 8186.0721446243715 -9999 -9999 -9999 -9999 -9999 -9999 -9999 -9999 -9999 -9999 -9999 -9999 -9999 -9999 -9999 -9999 -9999 -9999 -9999 -9999 -9999 -9999 -9999 -9999 -9999 -9999
-9999 -9999 -9999 -9999 -9999 -9999 -9999 -9999 -9999 -9999 5378.132752230969 5295.29003975635 5212.44732728173 5012.44732728173 4812.44732728173 4729.604614807111 4812.44732728173 4895.29003975635 4571.858582251274 4489.015869776655 4571.858582251274 4489.015869776655 4689.015869776655 4771.858582251274 4971.858582251274 5171.858582251274 5371.858582251274 5571.858582251274 5937.544007200513 6137.544007200513 6337.544007200513 6537.544007200513 6737.544007200513 7103.229432149752 7303.229432149752 7503.229432149752 7703.229432149752 7903.229432149752 8103.229432149752 8468.914857098991 -9999 -9999 -9999 -9999 -9999 -9999 -9999 -9999 -9999 -9999 -9999 -9999 -9999 -9999 -9999 -9999 -9999 -9999 -9999 -9999 -9999 -9999 -9999 -9999 -9999
-9999 -9999 -9999 -9999 -9999 -9999 -9999 -9999 -9999 -9999 5578.132752230969 5495.29003975635 5295.29003975635 5095.29003975635 5012.44732728173 4929.604614807111 5012.44732728173 5095.29003975635 4771.858582251274 4689.015869776655 4771.858582251274 4854.701294725894 4771.858582251274 4971.858582251274 5171.858582251274 5254.701294725894 5454.701294725894 5654.701294725894 5854.701294725894 6054.701294725894 6420.386719675133 6620.386719675133 6820.386719675133 7020.386719675133 7220.386719675133 7420.386719675133 7620.386719675133 7820.386719675133 8186.0721446243715 8386.072144624372 8751.75756957361 -9999 -9999 -9999 -9999 -9999 -9999 -9999 -9999 -9999 -9999 -9999 -9999 -9999 -9999 -9999 -9999 -9999 -9999 -9999 -9999 -9999 -9999 -9999 -9999
-9999 -9999 -9999 -9999 -9999 -9999 -9999 -9999 -9999 -9999 5778.132752230969 5578.132752230969 5495.29003975635 5295.29003975635 5212.44732728173 5129.604614807111 5212.44732728173 5295.29003975635 4971.858582251274 4889.015869776655 4971.858582251274 5054.701294725894 5137.544007200513 5171.858582251274 5254.701294725894 5454.701294725894 5537.544007200513 5737.544007200513 5937.544007200513 6137.544007200513 6337.544007200513 6537.544007200513 6737.544007200513 7103.229432149752 7303.229432149752 7503.229432149752 7703.229432149752 7903.229432149752 8103.229432149752 8303.229432149752 8668.914857098991 -9999 -9999 -9999 -9999 -9999 -9999 -9999 -9999 -9999 -9999 -9999 -9999 -9999 -9999 -9999 -9999 -9999 -9999 -9999 -9999 -9999 -9999 -9999 -9999
-9999 -9999 -9999 -9999 -9999 -9999 -9999 -9999 -9999 -9999 5860.975464705589 5778.132752230969 5812.44732728173 5612.44732728173 5412.44732728173 5329.604614807111 5412.44732728173 5495.29003975635 5171.858582251274 5254.701294725894 5171.858582251274 5254.701294725894 5337.544007200513 5420.386719675133 5454.701294725894 5654.701294725894 5737.544007200513 5820.386719675133 6020.386719675133 6220.386719675133 6420.386719675133 6620.386719675133 6820.386719675133 7020.386719675133 7386.0721446243715 7586.0721446243715 7786.0721446243715 7986.0721446243715 8186.0721446243715 8386.072144624372 8586.072144624372 8951.75756957361 -9999 -9999 -9999 -9999 -9999 -9999 -9999 -9999 -9999 -9999 -9999 -9999 -9999 -9999 -9999 -9999 -9999 -9999 -9999 -9999 -9999 -9999 -9999
-9999 -9999 -9999 -9999 -9999 -9999 -9999 -9999 -9999 -9999 6060.975464705589 6095.29003975635 6012.44732728173 5812.44732728173 5612.44732728173 5529.604614807111 5612.44732728173 5695.29003975635 5371.858582251274 5454.701294725894 5371.858582251274 5454.701294725894 5537.544007200513 5620.386719675133 5703.229432149752 5737.544007200513 5937.544007200513 6020.386719675133 6220.386719675133 6303.229432149752 6503.229432149752 6703.229432149752 6903.229432149752 7103.229432149752 7468.914857098991 7668.914857098991 7868.914857098991 8068.914857098991 8268.914857098991 8468.914857098991 8668.914857098991 8868.914857098991 -9999 -9999 -9999 -9999 -9999 -9999 -9999 -9999 -9999 -9999 -9999 -9999 -9999 -9999 -9999 -9999 -9999 -9999 -9999 -9999 -9999 -9999 -9999
-9999 -9999 -9999 -9999 -9999 -9999 -9999 -9999 -9999 -9999 6378.132752230969 6295.29003975635 6095.29003975635 6012.44732728173 5812.44732728173 5729.604614807111 5929.604614807111 5895.29003975635 5978.132752230969 5654.701294725894 5737.544007200513 5654.701294725894 5737.544007200513 5820.386719675133 5903.229432149752 5937.544007200513 6137.544007200513 6337.544007200513 6537.544007200513 6503.229432149752 6586.0721446243715 6786.0721446243715 6986.0721446243715 7186.0721446243715 7386.0721446243715 7751.75756957361 7951.75756957361 8151.75756957361 8351.75756957361 8551.75756957361 8751.75756957361 8951.75756957361 9151.75756957361 -9999 -9999 -9999 -9999 -9999 -9999 -9999 -9999 -9999 -9999 -9999 -9999 -9999 -9999 -9999 -9999 -9999 -9999 -9999 -9999 -9999 -9999
-9999 -9999 -9999 -9999 -9999 -9999 -9999 -9999 -9999 -9999 -9999 6378.132752230969 6295.29003975635 6095.29003975635 6012.44732728173 6095.29003975635 6295.29003975635 6212.44732728173 6178.132752230969 5854.701294725894 5937.544007200513 5854.701294725894 5937.544007200513 6020.386719675133 6103.229432149752 6137.544007200513 6337.544007200513 6420.386719675133 6620.386719675133 6820.386719675133 6786.0721446243715 6986.0721446243715 7068.914857098991 7268.914857098991 7468.914857098991 7668.914857098991 7868.914857098991 8068.914857098991 8268.914857098991 8468.914857098991 8668.914857098991 9034.60028204823 9234.60028204823 -9999 -9999 -9999 -9999 -9999 -9999 -9999 -9999 -9999 -9999 -9999 -9999 -9999 -9999 -9999 -9999 -9999 -9999 -9999 -9999 -9999 -9999
-9999 -9999 -9999 -9999 -9999 -9999 -9999 -9999 -9999 -9999 -9999 6578.132752230969 6378.132752230969 6295.29003975635 6212.44732728173 6295.29003975635 6378.132752230969 6578.132752230969 6495.29003975635 6054.701294725894 6137.544007200513 6054.701294725894 6137.544007200513 6220.386719675133 6303.229432149752 6620.386719675133 6537.544007200513 6620.386719675133 6820.386719675133 6903.229432149752 7103.229432149752 7068.914857098991 7268.914857098991 7468.914857098991 7551.75756957361 7751.75756957361 7951.75756957361 8151.75756957361 8351.75756957361 8551.75756957361 8751.75756957361 8951.75756957361 9151.75756957361 9517.44299452285 -9999 -9999 -9999 -9999 -9999 -9999 -9999 -9999 -9999 -9999 -9999 -9999 -9999 -9999 -9999 -9999 -9999 -9999 -9999 -9999 -9999
-9999 -9999 -9999 -9999 -9999 -9999 -9999 -9999 -9999 -9999 -9999 6660.975464705589 6578.132752230969 6495.29003975635 6412.44732728173 6495.29003975635 6578.132752230969 6660.975464705589 6695.29003975635 6254.701294725894 6337.544007200513 6420.386719675133 6337.544007200513 6420.386719675133 6503.229432149752 6820.386719675133 6737.544007200513 6820.386719675133 6903.229432149752 7103.229432149752 7186.0721446243715 7268.914857098991 7468.914857098991 7668.914857098991 7751.75756957361 7834.60028204823 8034.60028204823 8234.60028204823 8434.60028204823 8634.60028204823 8834.60028204823 9034.60028204823 9234.60028204823 9434.60028204823 -9999 -9999 -9999 -9999 -9999 -9999 -9999 -9999 -9999 -9999 -9999 -9999 -9999 -9999 -9999 -9999 -9999 -9999 -9999 -9999 -9999
-9999 -9999 -9999 -9999 -9999 -9999 -9999 -9999 -9999 -9999 -9999 6860.975464705589 6778.132752230969 6695.29003975635 6778.132752230969 6695.29003975635 6778.132752230969 6860.975464705589 6943.818177180208 6978.132752230969 6537.544007200513 6620.386719675133 6537.544007200513 6620.386719675133 6703.229432149752 7020.386719675133 7103.229432149752 7020.386719675133 7103.229432149752 7186.0721446243715 7386.0721446243715 7468.914857098991 7551.75756957361 7751.75756957361 7951.75756957361 8034.60028204823 8117.442994522849 8317.44299452285 8517.44299452285 8717.44299452285 8917.44299452285 9117.44299452285 9317.44299452285 9517.44299452285 9717.44299452285 -9999 -9999 -9999 -9999 -9999 -9999 -9999 -9999 -9999 -9999 -9999 -9999 -9999 -9999 -9999 -9999 -9999 -9999 -9999 -9999
-9999 -9999 -9999 -9999 -9999 -9999 -9999 -9999 -9999 -9999 -9999 7060.975464705589 6978.132752230969 7060.975464705589 6978.132752230969 6895.29003975635 6978.132752230969 7060.975464705589 7143.818177180208 7178.132752230969 6737.544007200513 6820.386719675133 6737.544007200513 6820.386719675133 6903.229432149752 7220.386719675133 7303.229432149752 7386.0721446243715 7303.229432149752 7386.0721446243715 7586.0721446243715 7668.914857098991 7751.75756957361 7951.75756957361 8151.75756957361 8234.60028204823 8317.44299452285 8517.44299452285 8600.285706997469 8800.285706997469 9000.285706997469 9200.285706997469 9400.285706997469 9600.285706997469 9800.285706997469 10000.285706997469 -9999 -9999 -9999 -9999 -9999 -9999 -9999 -9999 -9999 -9999 -9999 -9999 -9999 -9999 -9999 -9999 -9999 -9999 -9999
-9999 -9999 -9999 -9999 -9999 -9999 -9999 -9999 -9999 -9999 -9999 7260.975464705589 7343.818177180208 7260.975464705589 7178.132752230969 7095.29003975635 7178.132752230969 7260.975464705589 7343.818177180208 7378.132752230969 6937.544007200513 7020.386719675133 6937.544007200513 7020.386719675133 7103.229432149752 7420.386719675133 7503.229432149752 7586.0721446243715 7503.229432149752 7586.0721446243715 7668.914857098991 7868.914857098991 7951.75756957361 8034.60028204823 8234.60028204823 8434.60028204823 8517.44299452285 8600.285706997469 8800.285706997469 8883.128419472088 9083.128419472088 9283.128419472088 9483.128419472088 9683.128419472088 9883.128419472088 10083.128419472088 10283.128419472088 -9999 -9999 -9999 -9999 -9999 -9999 -9999 -9999 -9999 -9999 -9999 -9999 -9999 -9999 -9999 -9999 -9999 -9999
-9999 -9999 -9999 -9999 -9999 -9999 -9999 -9999 -9999 -9999 -9999 7460.975464705589 7543.818177180208 7460.975464705589 7378.132752230969 7295.29003975635 7378.132752230969 7460.975464705589 7543.818177180208 7626.660889654828 7137.544007200513 7220.386719675133 7137.544007200513 7220.386719675133 7303.229432149752 7620.386719675133 7703.229432149752 7786.0721446243715 7703.229432149752 7786.0721446243715 7868.914857098991 8068.914857098991 8151.75756957361 8234.60028204823 8317.44299452285 8517.44299452285 8717.44299452285 8800.285706997469 9000.285706997469 9083.128419472088 9165.971131946708 9365.971131946708 9565.971131946708 9765.971131946708 9965.971131946708 10165.971131946708 10365.971131946708 -9999 -9999 -9999 -9999 -9999 -9999 -9999 -9999 -9999 -9999 -9999 -9999 -9999 -9999 -9999 -9999 -9999 -9999
-9999 -9999 -9999 -9999 -9999 -9999 -9999 -9999 -9999 -9999 -9999 -9999 7743.818177180208 7660.975464705589 7578.132752230969 7495.29003975635 7578.132752230969 7660.975464705589 7743.818177180208 7826.660889654828 7337.544007200513 7420.386719675133 7337.544007200513 7420.386719675133 7503.229432149752 7820.386719675133 7903.229432149752 7986.0721446243715 8068.914857098991 7986.0721446243715 8068.914857098991 8151.75756957361 8351.75756957361 8434.60028204823 8517.44299452285 8717.44299452285 8800.285706997469 9000.285706997469 9083.128419472088 9283.128419472088 9365.971131946708 9448.813844421327 9648.813844421327 9848.813844421327 10048.813844421327 10248.813844421327 10448.813844421327 10648.813844421327 -9999 -9999 -9999 -9999 -9999 -9999 -9999 -9999 -9999 -9999 -9999 -9999 -9999 -9999 -9999 -9999 -9999
-9999 -9999 -9999 -9999 -9999 -9999 -9999 -9999 -9999 -9999 -9999 -9999 7943.818177180208 7860.975464705589 7778.132752230969 7695.29003975635 7778.132752230969 7860.975464705589 7943.818177180208 8026.660889654828 7537.544007200513 7620.386719675133 7537.544007200513 7620.386719675133 7703.229432149752 8020.386719675133 8103.229432149752 8186.0721446243715 8268.914857098991 8351.75756957361 8268.914857098991 8351.75756957361 8434.60028204823 8634.60028204823 8834.60028204823 8800.285706997469 9000.285706997469 9200.285706997469 9283.128419472088 9365.971131946708 9565.971131946708 9648.813844421327 9731.656556895947 9931.656556895947 10131.656556895947 10331.656556895947 10531.656556895947 10731.656556895947 -9999 -9999 -9999 -9999 -9999 -9999 -9999 -9999 -9999 -9999 -9999 -9999 -9999 -9999 -9999 -9999 -9999
-9999 -9999 -9999 -9999 -9999 -9999 -9999 -9999 -9999 -9999 -9999 -9999 8143.818177180208 8060.975464705589 7978.132752230969 7895.29003975635 7978.132752230969 8060.975464705589 8143.818177180208 8226.660889654828 7737.544007200513 7820.386719675133 7737.544007200513 7820.386719675133 7903.229432149752 8220.386719675133 8303.229432149752 8386.072144624372 8468.914857098991 8551.75756957361 8634.60028204823 8551.75756957361 8634.60028204823 8717.44299452285 8917.44299452285 9117.44299452285 9083.128419472088 9283.128419472088 9483.128419472088 9565.971131946708 9765.971131946708 9848.813844421327 9931.656556895947 10014.499269370566 10214.499269370566 10414.499269370566 10614.499269370566 10814.499269370566 11014.499269370566 -9999 -9999 -9999 -9999 -9999 -9999 -9999 -9999 -9999 -9999 -9999 -9999 -9999 -9999 -9999 -9999
