data/PosinaDailyOneYear/21/dem_21.asc
ncols        675
nrows        650
xllcorner    1669000.000000000000
yllcorner    5070800.000000000000
cellsize     20.000000000000
NODATA_value  -9999
[rows 204 to 237 of 650, columns 231 to 307 of 675]
1497 1488 1479 1470 1461 1452 1443 1434 1424 1413 1401 1388 1373 1357 1341 1324 1306 1288 1269 1250 1232 1215 1197 1178 1157 1140 1119 1099 1076 1072 1063 1068 1074 1079 1084 1092 1101 1109 1112 1130 1152 1167 1185 1203 1222 1240 1257 1273 1288 1302 1316 1328 1339 1348 1355 1360 1365 1368 1372 1375 1379 1387 1397 1408 1419 1428 1433 1435 1433 1427 1415 1399 1380 1362 1347 1336 1327
1487 1478 1469 1460 1451 1443 1436 1428 1419 1409 1398 1386 1371 1356 1340 1323 1305 1286 1267 1248 1230 1213 1195 1178 1159 1141 1121 1099 1076 1062 1051 1057 1061 1063 1060 1068 1081 1094 1112 1134 1153 1171 1187 1204 1221 1238 1255 1270 1285 1299 1313 1324 1334 1341 1346 1349 1351 1354 1357 1361 1367 1375 1386 1398 1409 1417 1422 1424 1423 1418 1408 1393 1374 1356 1340 1326 1315
1476 1467 1458 1449 1441 1434 1427 1421 1413 1405 1394 1382 1369 1355 1339 1323 1305 1286 1267 1247 1229 1212 1195 1178 1161 1143 1123 1102 1081 1062 1044 1047 1049 1051 1060 1074 1089 1104 1121 1139 1157 1173 1188 1204 1220 1236 1252 1268 1282 1296 1309 1319 1328 1333 1336 1337 1338 1340 1343 1347 1354 1364 1375 1387 1398 1405 1410 1412 1411 1407 1399 1385 1368 1350 1332 1317 1305
1465 1456 1447 1439 1431 1424 1419 1414 1408 1400 1391 1380 1368 1355 1341 1325 1308 1289 1269 1250 1231 1213 1196 1180 1163 1146 1126 1106 1084 1062 1037 1037 1036 1051 1064 1079 1095 1110 1127 1143 1159 1174 1188 1203 1218 1234 1249 1265 1279 1292 1304 1314 1320 1324 1325 1325 1324 1325 1328 1333 1341 1352 1364 1375 1386 1393 1397 1399 1398 1395 1389 1377 1362 1343 1325 1309 1296
1453 1444 1436 1427 1420 1414 1410 1406 1402 1397 1390 1381 1371 1359 1346 1331 1314 1295 1276 1256 1237 1218 1200 1183 1167 1149 1130 1110 1088 1066 1043 1023 1027 1046 1065 1082 1098 1113 1130 1146 1161 1175 1188 1202 1217 1232 1247 1262 1275 1288 1298 1307 1312 1315 1315 1313 1311 1311 1314 1319 1327 1338 1350 1362 1372 1380 1384 1386 1386 1383 1378 1369 1355 1337 1318 1301 1287
1440 1433 1424 1416 1409 1404 1401 1399 1397 1395 1391 1385 1377 1367 1355 1340 1324 1306 1286 1266 1246 1226 1206 1188 1171 1153 1134 1113 1091 1068 1042 1016 1017 1041 1063 1081 1098 1114 1130 1146 1161 1175 1188 1202 1216 1230 1245 1259 1271 1283 1292 1299 1304 1305 1304 1301 1298 1297 1299 1305 1313 1324 1336 1348 1358 1366 1372 1374 1374 1372 1368 1360 1347 1330 1311 1294 1279
1428 1421 1413 1406 1399 1394 1391 1391 1392 1392 1392 1389 1384 1376 1365 1352 1336 1319 1300 1280 1259 1236 1214 1193 1174 1156 1136 1115 1092 1068 1040 1008 1016 1037 1059 1079 1096 1112 1128 1144 1159 1173 1187 1201 1215 1229 1243 1256 1267 1277 1284 1290 1294 1295 1293 1290 1286 1285 1286 1291 1299 1310 1322 1333 1344 1353 1360 1363 1363 1361 1357 1350 1339 1324 1305 1287 1272
1415 1409 1403 1396 1389 1384 1382 1383 1385 1388 1391 1391 1389 1383 1375 1363 1350 1333 1315 1295 1273 1248 1223 1200 1179 1158 1138 1116 1093 1068 1039 1002 1002 1029 1053 1074 1091 1108 1124 1139 1155 1170 1184 1199 1213 1227 1240 1252 1262 1270 1275 1280 1283 1284 1282 1279 1275 1273 1273 1278 1286 1296 1308 1319 1331 1341 1349 1353 1353 1350 1346 1340 1331 1317 1300 1282 1266
1401 1397 1392 1385 1379 1374 1372 1373 1377 1382 1387 1389 1390 1388 1382 1373 1362 1347 1330 1310 1288 1262 1235 1209 1185 1163 1141 1118 1094 1068 1042 1014 996 1021 1045 1067 1085 1101 1117 1133 1148 1164 1179 1194 1209 1223 1236 1247 1256 1261 1265 1269 1271 1272 1272 1269 1265 1262 1261 1265 1272 1282 1293 1306 1318 1329 1337 1342 1342 1339 1334 1329 1321 1310 1294 1276 1259
1387 1384 1380 1375 1369 1364 1362 1363 1367 1373 1379 1384 1387 1388 1385 1380 1371 1358 1342 1323 1301 1275 1247 1219 1194 1170 1147 1122 1096 1069 1042 1016 990 1013 1036 1058 1077 1094 1109 1125 1140 1156 1172 1188 1203 1218 1231 1241 1248 1252 1254 1256 1259 1260 1260 1258 1254 1251 1250 1252 1259 1268 1280 1292 1306 1318 1327 1331 1332 1328 1323 1317 1310 1300 1286 1268 1251
1372 1370 1367 1363 1358 1353 1351 1352 1356 1362 1368 1374 1379 1383 1384 1381 1375 1364 1350 1332 1310 1285 1258 1230 1203 1178 1153 1127 1098 1070 1042 1013 984 1004 1026 1048 1068 1085 1101 1116 1131 1147 1163 1179 1196 1211 1224 1233 1238 1240 1241 1243 1245 1247 1247 1246 1244 1240 1239 1240 1245 1254 1266 1280 1295 1307 1317 1321 1321 1317 1311 1305 1297 1288 1274 1257 1241
1358 1357 1354 1350 1346 1341 1339 1340 1344 1350 1356 1363 1369 1374 1377 1377 1373 1364 1351 1335 1314 1291 1264 1237 1210 1184 1158 1130 1100 1070 1040 1010 979 991 1013 1037 1058 1076 1093 1108 1123 1138 1154 1171 1188 1203 1216 1224 1228 1228 1228 1229 1230 1232 1234 1234 1232 1230 1228 1228 1232 1240 1252 1267 1283 1297 1306 1311 1310 1306 1299 1291 1282 1272 1259 1244 1228
1343 1343 1341 1337 1333 1329 1327 1328 1332 1337 1343 1350 1356 1362 1366 1367 1365 1358 1347 1331 1312 1290 1266 1239 1212 1185 1158 1130 1100 1070 1039 1007 969 969 998 1024 1047 1067 1084 1100 1115 1130 1145 1162 1178 1194 1206 1213 1216 1215 1214 1214 1215 1217 1219 1220 1220 1218 1216 1216 1219 1226 1239 1254 1271 1285 1295 1300 1300 1295 1286 1276 1265 1255 1243 1229 1215
1328 1328 1326 1324 1320 1317 1315 1315 1319 1324 1330 1336 1342 1348 1352 1354 1353 1348 1338 1324 1306 1286 1262 1236 1209 1182 1155 1127 1098 1068 1038 1008 979 959 985 1012 1036 1058 1076 1092 1107 1122 1137 1152 1168 1183 1195 1202 1203 1202 1199 1197 1198 1200 1203 1206 1207 1206 1205 1204 1206 1213 1225 1240 1257 1272 1283 1289 1289 1284 1275 1262 1250 1238 1226 1213 1202
1312 1312 1311 1309 1306 1303 1301 1302 1306 1311 1316 1322 1327 1332 1337 1339 1339 1335 1327 1315 1298 1279 1257 1232 1205 1177 1150 1122 1095 1066 1038 1009 981 953 972 999 1025 1047 1067 1084 1100 1114 1128 1142 1158 1172 1184 1190 1191 1188 1184 1180 1179 1182 1187 1191 1193 1193 1192 1192 1194 1201 1212 1227 1243 1258 1270 1278 1280 1275 1265 1251 1237 1223 1210 1199 1189
1297 1296 1296 1294 1292 1289 1288 1289 1292 1297 1302 1307 1312 1317 1321 1325 1325 1323 1316 1305 1290 1272 1251 1227 1201 1174 1146 1119 1093 1066 1039 1011 981 948 948 983 1012 1036 1057 1075 1091 1105 1119 1133 1148 1162 1173 1178 1178 1174 1168 1161 1156 1163 1170 1176 1179 1180 1180 1180 1182 1189 1200 1214 1230 1245 1258 1268 1272 1269 1259 1243 1227 1211 1197 1186 1177
1287 1277 1280 1279 1276 1275 1274 1275 1278 1283 1288 1293 1298 1302 1307 1310 1312 1311 1306 1297 1283 1266 1246 1223 1198 1172 1145 1119 1093 1068 1041 1014 986 959 942 972 1000 1024 1045 1064 1081 1096 1110 1124 1139 1152 1162 1167 1165 1160 1151 1139 1123 1142 1154 1161 1165 1167 1167 1167 1170 1178 1190 1203 1218 1234 1248 1259 1265 1264 1255 1239 1220 1202 1187 1175 1166
1291 1277 1267 1264 1260 1259 1259 1261 1264 1269 1274 1279 1283 1288 1292 1296 1299 1299 1296 1289 1276 1260 1241 1220 1196 1171 1146 1120 1096 1071 1044 1017 989 961 936 963 988 1010 1032 1051 1070 1086 1102 1117 1131 1144 1152 1155 1153 1146 1135 1122 1112 1128 1140 1148 1152 1154 1154 1154 1157 1167 1180 1194 1209 1224 1239 1252 1260 1261 1252 1236 1216 1196 1180 1167 1157
1296 1282 1267 1249 1240 1243 1244 1245 1248 1253 1259 1264 1269 1274 1278 1282 1286 1287 1286 1281 1270 1256 1237 1217 1194 1170 1145 1121 1097 1073 1047 1019 990 961 931 952 975 997 1018 1038 1058 1077 1094 1110 1124 1135 1142 1143 1140 1131 1119 1101 1101 1116 1127 1134 1138 1140 1140 1140 1139 1156 1171 1186 1201 1216 1231 1245 1254 1256 1248 1233 1212 1191 1174 1159 1149
1301 1286 1271 1255 1240 1230 1229 1227 1227 1235 1243 1250 1255 1260 1264 1268 1272 1275 1276 1272 1264 1251 1234 1213 1191 1167 1143 1120 1097 1073 1047 1020 991 959 925 940 962 984 1005 1027 1048 1068 1087 1103 1116 1126 1132 1132 1128 1119 1106 1089 1095 1106 1115 1121 1124 1125 1125 1124 1124 1146 1164 1179 1194 1209 1223 1236 1246 1249 1243 1228 1209 1188 1169 1153 1141
1305 1290 1275 1260 1245 1230 1213 1205 1198 1216 1227 1234 1241 1246 1250 1254 1258 1262 1264 1263 1257 1246 1229 1209 1187 1163 1139 1116 1094 1071 1046 1019 990 958 920 920 948 972 995 1017 1040 1061 1080 1097 1109 1118 1123 1122 1117 1108 1095 1080 1085 1094 1101 1106 1109 1110 1109 1109 1123 1141 1158 1173 1187 1201 1215 1227 1236 1239 1235 1224 1206 1186 1167 1149 1135
1308 1293 1278 1263 1248 1233 1217 1205 1192 1201 1211 1218 1225 1231 1236 1240 1244 1248 1251 1252 1248 1239 1224 1204 1182 1158 1133 1109 1091 1067 1042 1015 987 959 932 916 938 961 985 1009 1032 1054 1074 1090 1103 1111 1114 1113 1107 1098 1086 1070 1070 1079 1086 1090 1092 1093 1092 1092 1117 1136 1152 1167 1181 1194 1205 1215 1223 1228 1226 1217 1203 1185 1166 1146 1129
1310 1295 1280 1265 1250 1235 1220 1204 1185 1185 1194 1201 1209 1216 1221 1225 1229 1233 1237 1239 1238 1230 1217 1199 1177 1153 1127 1092 1092 1060 1034 1009 980 955 932 909 925 949 974 999 1023 1045 1066 1082 1095 1103 1107 1105 1099 1090 1078 1066 1061 1065 1069 1072 1074 1076 1076 1095 1114 1132 1147 1161 1174 1185 1194 1202 1208 1212 1212 1208 1198 1183 1164 1143 1124
1312 1297 1282 1267 1252 1237 1221 1205 1189 1173 1177 1181 1189 1198 1204 1208 1212 1217 1222 1226 1226 1221 1211 1194 1175 1153 1129 1101 1075 1044 1024 1003 965 948 929 904 904 933 960 985 1010 1033 1053 1071 1084 1094 1098 1097 1091 1081 1069 1055 1042 1047 1051 1053 1055 1076 1082 1096 1112 1128 1143 1156 1167 1176 1182 1186 1189 1193 1195 1194 1188 1177 1161 1140 1120
1316 1300 1284 1269 1254 1239 1223 1208 1191 1173 1162 1154 1167 1178 1185 1190 1194 1199 1206 1211 1214 1211 1204 1191 1174 1155 1134 1110 1081 1044 1024 1010 985 960 929 910 900 918 943 969 994 1016 1037 1055 1070 1081 1087 1088 1083 1073 1059 1042 1024 1029 1032 1034 1055 1067 1079 1094 1109 1124 1138 1150 1161 1167 1169 1168 1169 1172 1174 1176 1174 1167 1153 1134 1114
1320 1304 1288 1273 1257 1242 1226 1211 1195 1180 1166 1154 1146 1156 1164 1170 1175 1181 1188 1195 1200 1200 1196 1187 1174 1158 1140 1119 1095 1068 1046 1026 1002 976 948 922 893 893 924 951 975 997 1017 1035 1051 1064 1074 1078 1075 1065 1049 1030 1009 1012 1014 1014 1041 1060 1075 1091 1106 1121 1134 1146 1154 1158 1155 1146 1147 1150 1153 1156 1157 1153 1143 1126 1107
1325 1309 1293 1277 1262 1246 1230 1215 1200 1185 1170 1154 1133 1133 1141 1148 1155 1162 1170 1178 1184 1187 1187 1182 1173 1160 1144 1126 1106 1083 1062 1040 1017 991 964 936 907 887 909 932 955 976 996 1014 1031 1047 1060 1067 1067 1057 1040 1019 995 995 995 1014 1035 1054 1071 1087 1103 1118 1130 1141 1147 1149 1142 1124 1124 1126 1130 1135 1138 1137 1130 1117 1099
1332 1316 1299 1283 1267 1251 1236 1220 1205 1190 1176 1160 1144 1133 1116 1126 1135 1143 1152 1161 1168 1174 1176 1175 1169 1160 1146 1130 1112 1092 1072 1050 1028 1003 975 945 912 875 892 912 934 955 975 994 1012 1031 1046 1057 1058 1050 1033 1010 980 980 992 1010 1030 1047 1064 1081 1097 1112 1124 1134 1140 1141 1135 1121 1101 1101 1106 1113 1118 1120 1116 1105 1090
1340 1324 1307 1290 1274 1258 1242 1226 1211 1196 1181 1166 1151 1135 1116 1106 1115 1124 1133 1143 1152 1159 1164 1166 1164 1157 1146 1131 1115 1096 1077 1057 1036 1012 985 954 918 870 870 890 912 934 955 976 996 1016 1033 1045 1049 1043 1028 1006 982 965 982 1001 1020 1038 1055 1071 1087 1101 1114 1124 1131 1134 1130 1118 1101 1079 1079 1089 1097 1101 1100 1092 1078
1350 1333 1316 1299 1282 1265 1249 1233 1218 1203 1188 1173 1157 1141 1123 1106 1096 1104 1113 1124 1134 1144 1151 1156 1156 1153 1144 1131 1115 1098 1080 1061 1040 1018 993 964 931 896 866 866 887 913 937 960 981 1001 1018 1031 1037 1034 1022 1002 977 951 968 987 1006 1024 1041 1057 1072 1087 1099 1110 1119 1124 1123 1116 1100 1079 1057 1065 1074 1080 1081 1076 1065
1360 1343 1326 1308 1290 1274 1257 1241 1225 1210 1195 1181 1165 1149 1131 1111 1085 1085 1089 1102 1115 1127 1137 1144 1148 1146 1140 1129 1115 1098 1080 1061 1042 1021 998 972 943 912 883 857 857 891 918 942 964 984 1001 1014 1023 1024 1015 997 971 936 949 968 987 1006 1023 1039 1054 1068 1081 1093 1104 1112 1115 1111 1098 1075 1040 1040 1049 1056 1059 1057 1048
1371 1354 1336 1318 1300 1283 1266 1249 1233 1218 1203 1189 1174 1159 1141 1121 1098 1074 1056 1078 1096 1110 1122 1131 1136 1138 1134 1126 1113 1097 1079 1060 1040 1020 999 976 950 922 894 868 848 874 899 923 945 964 981 995 1006 1011 1008 994 967 923 923 941 962 983 1001 1018 1033 1047 1061 1075 1088 1099 1105 1104 1096 1078 1051 1023 1023 1031 1034 1034 1029
1381 1364 1346 1328 1310 1292 1275 1258 1242 1227 1212 1198 1184 1168 1151 1132 1110 1085 1056 1055 1077 1093 1105 1116 1123 1127 1126 1120 1109 1094 1076 1056 1035 1016 997 976 953 927 900 871 840 857 878 901 923 942 959 974 988 998 1000 993 974 943 910 910 932 956 977 996 1012 1027 1041 1056 1071 1084 1094 1097 1093 1081 1061 1035 1006 1006 1006 1009 1008
1389 1372 1355 1337 1319 1302 1285 1268 1252 1236 1222 1208 1193 1178 1161 1143 1122 1098 1073 1052 1063 1076 1088 1098 1108 1114 1117 1114 1105 1092 1073 1050 1024 1005 990 972 952 929 903 872 833 833 853 876 898 918 936 953 969 984 993 993 981 957 928 897 897 928 952 973 990 1007 1022 1039 1055 1070 1082 1089 1090 1083 1068 1046 1019 989 971 980 985
