data/PosinaDailyOneYear/21/sky_21_rid.asc
ncols        14
nrows        18
xllcorner    1674540.000000000000
yllcorner    5078980.000000000000
cellsize     20.000000000000
NODATA_value  -9999
 0.87468260526657104492 0.86565202474594116211 0.8417752385139465332 0.80473536252975463867 0.75620883703231811523 0.72980219125747680664 0.77925294637680053711 0.79901689291000366211 0.80926382541656494141 0.83078855276107788086 0.82323300838470458984 0.81157183647155761719 0.79525482654571533203 0.77723729610443115234
 0.87516194581985473633 0.86650919914245605469 0.84172302484512329102 0.80865228176116943359 0.76244807243347167969 0.74807977676391601562 0.78724819421768188477 0.80082243680953979492 0.80037796497344970703 0.81627410650253295898 0.80742353200912475586 0.79663336277008056641 0.77866017818450927734 0.75398534536361694336
 0.87401485443115234375 0.86827707290649414062 0.8439413905143737793 0.81319296360015869141 0.77409988641738891602 0.74279230833053588867 0.77021753787994384766 0.79414045810699462891 0.79217487573623657227 0.8022314906120300293 0.78432935476303100586 0.77742218971252441406 0.75279021263122558594 0.64623677730560302734
 0.87508577108383178711 0.86944562196731567383 0.84971004724502563477 0.82430487871170043945 0.78849911689758300781 0.78759235143661499023 0.78900909423828125 0.79870432615280151367 0.77711886167526245117 0.78570878505706787109 0.76787036657333374023 0.76375883817672729492 0.69379973411560058594 0.74072343111038208008
 0.87287592887878417969 0.86994683742523193359 0.84646296501159667969 0.81473362445831298828 0.77720993757247924805 0.75857210159301757812 0.72708690166473388672 0.77460551261901855469 0.76124835014343261719 0.77135795354843139648 0.70498234033584594727 0.79934191703796386719 0.77614444494247436523 0.76640832424163818359
 0.86010050773620605469 0.86756026744842529297 0.85043185949325561523 0.81562674045562744141 0.76501661539077758789 0.73226314783096313477 0.68226522207260131836 0.75485742092132568359 0.74561452865600585938 0.73459953069686889648 0.76905977725982666016 0.79381883144378662109 0.7871977686882019043 0.78761899471282958984
 0.83000212907791137695 0.86797815561294555664 0.85561889410018920898 0.81336653232574462891 0.75503945350646972656 0.71731042861938476562 0.66633582115173339844 0.73999762535095214844 0.73616290092468261719 0.65607011318206787109 0.73725223541259765625 0.78571259975433349609 0.78984755277633666992 0.79704242944717407227
 0.80655521154403686523 0.86723041534423828125 0.86069768667221069336 0.80654090642929077148 0.72868824005126953125 0.6756801605224609375 0.62023049592971801758 0.70361423492431640625 0.66906177997589111328 0.6932277679443359375 0.71170514822006225586 0.75338393449783325195 0.76501482725143432617 0.77616405487060546875
 0.77942335605621337891 0.85452032089233398438 0.86406588554382324219 0.82290297746658325195 0.74852651357650756836 0.68380635976791381836 0.60286736488342285156 0.67721194028854370117 0.71991193294525146484 0.73774069547653198242 0.7562668919563293457 0.77348929643630981445 0.78047311305999755859 0.79261046648025512695
 0.76669079065322875977 0.83104604482650756836 0.8633702397346496582 0.83560264110565185547 0.75563257932662963867 0.67299562692642211914 0.64069920778274536133 0.61938083171844482422 0.6957899928092956543 0.72887408733367919922 0.74527561664581298828 0.76356011629104614258 0.7707894444465637207 0.7773036956787109375
 0.74837511777877807617 0.80609208345413208008 0.85451579093933105469 0.84091114997863769531 0.77483785152435302734 0.70460438728332519531 0.65176510810852050781 0.56942081451416015625 0.66749757528305053711 0.71211761236190795898 0.72464728355407714844 0.74191117286682128906 0.74906569719314575195 0.75775182247161865234
 0.72343391180038452148 0.76448649168014526367 0.82137739658355712891 0.85031515359878540039 0.80571991205215454102 0.72434818744659423828 0.62958317995071411133 0.53310990333557128906 0.63061118125915527344 0.67891156673431396484 0.69034528732299804688 0.71259856224060058594 0.71843498945236206055 0.73216474056243896484
 0.71064764261245727539 0.74402028322219848633 0.78740102052688598633 0.84435296058654785156 0.82902818918228149414 0.74065572023391723633 0.59899020195007324219 0.42588323354721069336 0.51763516664505004883 0.62271696329116821289 0.66196072101593017578 0.69213193655014038086 0.70523363351821899414 0.72261387109756469727
 0.68150728940963745117 0.70804053544998168945 0.74640977382659912109 0.82800734043121337891 0.84721487760543823242 0.80061805248260498047 0.65778905153274536133 0.56877022981643676758 0.46507686376571655273 0.51986944675445556641 0.60207968950271606445 0.65262979269027709961 0.67282384634017944336 0.70322155952453613281
 0.66892963647842407227 0.69090616703033447266 0.7144896388053894043 0.78376674652099609375 0.85178011655807495117 0.8513113856315612793 0.74131125211715698242 0.61947011947631835938 0.55542302131652832031 0.45681229233741760254 0.48908028006553649902 0.63102734088897705078 0.66479432582855224609 0.69832426309585571289
 0.64147794246673583984 0.66534203290939331055 0.67971390485763549805 0.73677361011505126953 0.82833141088485717773 0.85554575920104980469 0.81934535503387451172 0.70151352882385253906 0.60994821786880493164 0.56373715400695800781 0.51101320981979370117 0.60203844308853149414 0.64927440881729125977 0.68412375450134277344
 0.61380547285079956055 0.63728660345077514648 0.65327984094619750977 0.70099252462387084961 0.78155255317687988281 0.85764175653457641602 0.85554808378219604492 0.76697874069213867188 0.65746164321899414062 0.56241345405578613281 0.41497284173965454102 0.50770401954650878906 0.62228274345397949219 0.67301279306411743164
 0.5830580592155456543 0.60741853713989257812 0.62012726068496704102 0.66744017601013183594 0.73559439182281494141 0.82375741004943847656 0.85707378387451171875 0.82911211252212524414 0.7094281315803527832 0.59882044792175292969 0.53448033332824707031 0.49594131112098693848 0.59537506103515625 0.6436036229133605957
