data/PosinaDailyOneYear/28/dem_28.asc
NCOLS 582
NROWS 339
XLLCORNER 1668940.0
YLLCORNER 5070820.0
CELLSIZE 20.0
NODATA_VALUE -9999
[rows 170 to 203 of 339, columns 154 to 230 of 582]
-9999 -9999 -9999 -9999 -9999 -9999 -9999 -9999 -9999 -9999 -9999 -9999 -9999 -9999 -9999 -9999 -9999 -9999 -9999 -9999 -9999 -9999 -9999 -9999 -9999 -9999 -9999 -9999 -9999 -9999 -9999 -9999 -9999 -9999 -9999 -9999 -9999 -9999 -9999 -9999 943.0 940.0 939.0 940.0 940.0 939.0 937.0 933.0 927.0 919.0 910.0 899.0 886.0 871.0 855.0 838.0 821.0 805.0 789.0 773.0 755.0 731.0 731.0 737.0 740.0 740.0 738.0 734.0 729.0 723.0 717.0 710.0 703.0 696.0 689.0 682.0 676.0
-9999 -9999 -9999 -9999 -9999 -9999 -9999 -9999 -9999 -9999 -9999 -9999 -9999 -9999 -9999 -9999 -9999 -9999 -9999 -9999 -9999 -9999 -9999 -9999 -9999 -9999 -9999 -9999 -9999 -9999 -9999 -9999 -9999 -9999 -9999 -9999 -9999 -9999 -9999 -9999 956.0 954.0 953.0 954.0 954.0 954.0 951.0 947.0 940.0 931.0 921.0 909.0 894.0 878.0 860.0 843.0 825.0 809.0 793.0 778.0 763.0 751.0 750.0 752.0 754.0 753.0 750.0 746.0 740.0 734.0 727.0 720.0 712.0 705.0 697.0 690.0 684.0
-9999 -9999 -9999 -9999 -9999 -9999 -9999 -9999 -9999 -9999 -9999 -9999 -9999 -9999 -9999 -9999 -9999 -9999 -9999 -9999 -9999 -9999 -9999 -9999 -9999 -9999 -9999 -9999 -9999 -9999 -9999 -9999 -9999 -9999 -9999 -9999 -9999 -9999 -9999 -9999 969.0 967.0 967.0 968.0 968.0 966.0 963.0 958.0 950.0 941.0 929.0 915.0 900.0 883.0 864.0 846.0 829.0 812.0 796.0 782.0 770.0 766.0 765.0 766.0 768.0 766.0 763.0 758.0 751.0 744.0 737.0 729.0 721.0 714.0 706.0 699.0 691.0
-9999 -9999 -9999 -9999 -9999 -9999 -9999 -9999 -9999 -9999 -9999 -9999 -9999 -9999 -9999 -9999 -9999 -9999 -9999 -9999 -9999 -9999 -9999 -9999 -9999 -9999 -9999 -9999 -9999 -9999 -9999 -9999 -9999 -9999 -9999 -9999 -9999 -9999 -9999 985.0 982.0 980.0 980.0 979.0 978.0 975.0 970.0 964.0 956.0 946.0 934.0 920.0 904.0 886.0 868.0 849.0 832.0 815.0 799.0 784.0 770.0 770.0 776.0 779.0 780.0 779.0 776.0 770.0 763.0 756.0 748.0 739.0 731.0 723.0 715.0 707.0 700.0
-9999 -9999 -9999 -9999 -9999 -9999 -9999 -9999 -9999 -9999 -9999 -9999 -9999 -9999 -9999 -9999 -9999 -9999 -9999 -9999 -9999 -9999 -9999 -9999 -9999 -9999 -9999 -9999 -9999 -9999 -9999 -9999 -9999 -9999 -9999 -9999 -9999 -9999 -9999 997.0 994.0 992.0 991.0 988.0 984.0 980.0 974.0 967.0 958.0 948.0 936.0 922.0 906.0 889.0 870.0 852.0 834.0 818.0 802.0 787.0 777.0 782.0 787.0 791.0 793.0 792.0 788.0 782.0 775.0 767.0 758.0 750.0 741.0 732.0 724.0 716.0 708.0
-9999 -9999 -9999 -9999 -9999 -9999 -9999 -9999 -9999 -9999 -9999 -9999 -9999 -9999 -9999 -9999 -9999 -9999 -9999 -9999 -9999 -9999 -9999 -9999 -9999 -9999 -9999 -9999 -9999 -9999 -9999 -9999 -9999 -9999 -9999 -9999 -9999 -9999 1013.0 1009.0 1006.0 1004.0 1001.0 995.0 989.0 981.0 974.0 966.0 957.0 948.0 936.0 923.0 908.0 891.0 873.0 855.0 837.0 820.0 803.0 784.0 781.0 792.0 799.0 803.0 804.0 803.0 800.0 794.0 787.0 778.0 769.0 760.0 751.0 742.0 733.0 724.0 716.0
-9999 -9999 -9999 -9999 -9999 -9999 -9999 -9999 -9999 -9999 -9999 -9999 -9999 -9999 -9999 -9999 -9999 -9999 -9999 -9999 -9999 -9999 -9999 -9999 -9999 -9999 -9999 -9999 -9999 -9999 -9999 -9999 -9999 -9999 -9999 -9999 -9999 -9999 1025.0 1021.0 1018.0 1015.0 1010.0 1001.0 991.0 981.0 972.0 963.0 955.0 946.0 936.0 924.0 910.0 893.0 876.0 858.0 840.0 823.0 805.0 789.0 796.0 805.0 811.0 815.0 816.0 814.0 810.0 805.0 797.0 789.0 780.0 770.0 760.0 751.0 742.0 732.0 724.0
-9999 -9999 -9999 -9999 -9999 -9999 -9999 -9999 -9999 -9999 -9999 -9999 -9999 -9999 -9999 -9999 -9999 -9999 -9999 -9999 -9999 -9999 -9999 -9999 -9999 -9999 -9999 -9999 -9999 -9999 -9999 -9999 -9999 -9999 -9999 -9999 -9999 1040.0 1037.0 1033.0 1031.0 1026.0 1018.0 1007.0 994.0 982.0 971.0 961.0 953.0 945.0 936.0 925.0 911.0 896.0 879.0 861.0 844.0 825.0 804.0 804.0 811.0 818.0 824.0 826.0 827.0 825.0 821.0 815.0 808.0 799.0 790.0 780.0 770.0 760.0 750.0 741.0 732.0
-9999 -9999 -9999 -9999 -9999 -9999 -9999 -9999 -9999 -9999 -9999 -9999 -9999 -9999 -9999 -9999 -9999 -9999 -9999 -9999 -9999 -9999 -9999 -9999 -9999 -9999 -9999 -9999 -9999 -9999 -9999 -9999 -9999 -9999 -9999 -9999 -9999 1052.0 1049.0 1046.0 1043.0 1037.0 1027.0 1013.0 998.0 983.0 971.0 961.0 952.0 944.0 935.0 925.0 913.0 898.0 882.0 865.0 847.0 828.0 811.0 818.0 825.0 832.0 836.0 839.0 838.0 836.0 832.0 826.0 818.0 809.0 799.0 789.0 779.0 769.0 759.0 749.0 740.0
-9999 -9999 -9999 -9999 -9999 -9999 -9999 -9999 -9999 -9999 -9999 -9999 -9999 -9999 -9999 -9999 -9999 -9999 -9999 -9999 -9999 -9999 -9999 -9999 -9999 -9999 -9999 -9999 -9999 -9999 -9999 -9999 -9999 -9999 -9999 -9999 -9999 1065.0 1063.0 1060.0 1056.0 1048.0 1036.0 1020.0 1003.0 987.0 974.0 962.0 953.0 944.0 935.0 925.0 913.0 900.0 884.0 867.0 849.0 830.0 821.0 831.0 838.0 845.0 849.0 851.0 850.0 847.0 842.0 836.0 828.0 819.0 809.0 799.0 788.0 778.0 768.0 758.0 748.0
-9999 -9999 -9999 -9999 -9999 -9999 -9999 -9999 -9999 -9999 -9999 -9999 -9999 -9999 -9999 -9999 -9999 -9999 -9999 -9999 -9999 -9999 -9999 -9999 -9999 -9999 -9999 -9999 -9999 -9999 -9999 -9999 -9999 -9999 -9999 -9999 -9999 1077.0 1076.0 1073.0 1068.0 1059.0 1045.0 1028.0 1010.0 993.0 978.0 965.0 954.0 944.0 934.0 925.0 913.0 900.0 886.0 870.0 852.0 837.0 839.0 845.0 851.0 857.0 860.0 862.0 861.0 858.0 853.0 846.0 837.0 828.0 818.0 807.0 797.0 786.0 775.0 765.0 755.0
-9999 -9999 -9999 -9999 -9999 -9999 -9999 -9999 -9999 -9999 -9999 -9999 -9999 -9999 -9999 -9999 -9999 -9999 -9999 -9999 -9999 -9999 -9999 -9999 -9999 -9999 -9999 -9999 -9999 -9999 -9999 -9999 -9999 -9999 -9999 -9999 -9999 1090.0 1089.0 1085.0 1079.0 1068.0 1053.0 1035.0 1016.0 999.0 983.0 969.0 957.0 946.0 935.0 924.0 913.0 901.0 887.0 872.0 852.0 852.0 854.0 858.0 863.0 867.0 870.0 872.0 871.0 867.0 862.0 855.0 846.0 836.0 825.0 814.0 803.0 792.0 781.0 771.0 760.0
-9999 -9999 -9999 -9999 -9999 -9999 -9999 -9999 -9999 -9999 -9999 -9999 -9999 -9999 -9999 -9999 -9999 -9999 -9999 -9999 -9999 -9999 -9999 -9999 -9999 -9999 -9999 -9999 -9999 -9999 -9999 -9999 -9999 -9999 -9999 -9999 -9999 1101.0 1100.0 1096.0 1088.0 1076.0 1059.0 1040.0 1021.0 1004.0 988.0 974.0 961.0 948.0 937.0 926.0 914.0 902.0 890.0 877.0 863.0 864.0 866.0 869.0 873.0 876.0 879.0 880.0 879.0 875.0 870.0 862.0 853.0 843.0 831.0 820.0 808.0 796.0 785.0 773.0 761.0
-9999 -9999 -9999 -9999 -9999 -9999 -9999 -9999 -9999 -9999 -9999 -9999 -9999 -9999 -9999 -9999 -9999 -9999 -9999 -9999 -9999 -9999 -9999 -9999 -9999 -9999 -9999 -9999 -9999 -9999 -9999 -9999 -9999 -9999 -9999 -9999 -9999 1112.0 1109.0 1103.0 1093.0 1080.0 1063.0 1044.0 1025.0 1008.0 993.0 978.0 965.0 952.0 940.0 928.0 916.0 905.0 894.0 885.0 877.0 875.0 876.0 878.0 881.0 883.0 885.0 885.0 884.0 880.0 875.0 867.0 858.0 847.0 835.0 822.0 809.0 797.0 785.0 772.0 759.0
-9999 -9999 -9999 -9999 -9999 -9999 -9999 -9999 -9999 -9999 -9999 -9999 -9999 -9999 -9999 -9999 -9999 -9999 -9999 -9999 -9999 -9999 -9999 -9999 -9999 -9999 -9999 -9999 -9999 -9999 -9999 -9999 -9999 -9999 -9999 -9999 -9999 1122.0 1116.0 1107.0 1096.0 1081.0 1064.0 1046.0 1028.0 1012.0 997.0 983.0 970.0 957.0 944.0 932.0 919.0 908.0 899.0 891.0 887.0 885.0 884.0 885.0 887.0 888.0 889.0 888.0 885.0 881.0 876.0 868.0 858.0 847.0 835.0 822.0 809.0 796.0 783.0 769.0 754.0
-9999 -9999 -9999 -9999 -9999 -9999 -9999 -9999 -9999 -9999 -9999 -9999 -9999 -9999 -9999 -9999 -9999 -9999 -9999 -9999 -9999 -9999 -9999 -9999 -9999 -9999 -9999 -9999 -9999 -9999 -9999 -9999 -9999 -9999 -9999 -9999 -9999 1130.0 1122.0 1111.0 1097.0 1082.0 1066.0 1048.0 1031.0 1016.0 1001.0 987.0 974.0 961.0 948.0 936.0 923.0 912.0 904.0 898.0 895.0 893.0 892.0 892.0 892.0 891.0 890.0 887.0 884.0 879.0 874.0 866.0 856.0 845.0 832.0 819.0 806.0 793.0 779.0 764.0 747.0
-9999 -9999 -9999 -9999 -9999 -9999 -9999 -9999 -9999 -9999 -9999 -9999 -9999 -9999 -9999 -9999 -9999 -9999 -9999 -9999 -9999 -9999 -9999 -9999 -9999 -9999 -9999 -9999 -9999 -9999 -9999 -9999 -9999 -9999 -9999 -9999 1142.0 1137.0 1128.0 1115.0 1100.0 1085.0 1068.0 1051.0 1034.0 1019.0 1004.0 990.0 977.0 965.0 952.0 940.0 928.0 918.0 910.0 906.0 903.0 900.0 898.0 897.0 895.0 892.0 889.0 885.0 880.0 875.0 869.0 861.0 851.0 840.0 828.0 815.0 802.0 789.0 774.0 760.0 741.0
-9999 -9999 -9999 -9999 -9999 -9999 -9999 -9999 -9999 -9999 -9999 -9999 -9999 -9999 -9999 -9999 -9999 -9999 -9999 -9999 -9999 -9999 -9999 -9999 -9999 -9999 -9999 -9999 -9999 -9999 -9999 -9999 -9999 -9999 -9999 -9999 1150.0 1145.0 1134.0 1121.0 1105.0 1089.0 1072.0 1054.0 1037.0 1021.0 1006.0 993.0 980.0 967.0 955.0 944.0 933.0 924.0 918.0 914.0 911.0 908.0 905.0 902.0 898.0 893.0 888.0 882.0 877.0 870.0 864.0 855.0 845.0 834.0 822.0 809.0 796.0 784.0 770.0 760.0 756.0
-9999 -9999 -9999 -9999 -9999 -9999 -9999 -9999 -9999 -9999 -9999 -9999 -9999 -9999 -9999 -9999 -9999 -9999 -9999 -9999 -9999 -9999 -9999 -9999 -9999 -9999 -9999 -9999 -9999 -9999 -9999 -9999 -9999 -9999 -9999 -9999 1158.0 1152.0 1142.0 1128.0 1112.0 1094.0 1076.0 1058.0 1040.0 1024.0 1008.0 994.0 982.0 970.0 959.0 948.0 939.0 932.0 926.0 922.0 920.0 916.0 912.0 907.0 901.0 894.0 887.0 881.0 874.0 867.0 859.0 850.0 840.0 828.0 815.0 800.0 790.0 780.0 770.0 771.0 770.0
-9999 -9999 -9999 -9999 -9999 -9999 -9999 -9999 -9999 -9999 -9999 -9999 -9999 -9999 -9999 -9999 -9999 -9999 -9999 -9999 -9999 -9999 -9999 -9999 -9999 -9999 -9999 -9999 -9999 -9999 -9999 -9999 -9999 -9999 -9999 -9999 1166.0 1159.0 1149.0 1134.0 1117.0 1099.0 1081.0 1062.0 1043.0 1026.0 1010.0 996.0 984.0 973.0 963.0 953.0 945.0 939.0 935.0 932.0 929.0 925.0 920.0 913.0 905.0 897.0 889.0 881.0 873.0 865.0 856.0 847.0 835.0 823.0 810.0 786.0 790.0 789.0 786.0 786.0 785.0
-9999 -9999 -9999 -9999 -9999 -9999 -9999 -9999 -9999 -9999 -9999 -9999 -9999 -9999 -9999 -9999 -9999 -9999 -9999 -9999 -9999 -9999 -9999 -9999 -9999 -9999 -9999 -9999 -9999 -9999 -9999 -9999 -9999 -9999 -9999 -9999 1173.0 1166.0 1154.0 1140.0 1122.0 1104.0 1084.0 1065.0 1046.0 1028.0 1012.0 999.0 987.0 977.0 967.0 959.0 952.0 947.0 944.0 942.0 939.0 935.0 928.0 920.0 911.0 901.0 892.0 883.0 874.0 865.0 856.0 846.0 832.0 820.0 810.0 800.0 801.0 802.0 801.0 801.0 800.0
-9999 -9999 -9999 -9999 -9999 -9999 -9999 -9999 -9999 -9999 -9999 -9999 -9999 -9999 -9999 -9999 -9999 -9999 -9999 -9999 -9999 -9999 -9999 -9999 -9999 -9999 -9999 -9999 -9999 -9999 -9999 -9999 -9999 -9999 -9999 -9999 1180.0 1171.0 1159.0 1144.0 1126.0 1108.0 1088.0 1069.0 1050.0 1032.0 1016.0 1003.0 992.0 982.0 973.0 965.0 960.0 956.0 954.0 952.0 950.0 944.0 937.0 927.0 917.0 907.0 897.0 888.0 877.0 867.0 858.0 850.0 830.0 820.0 816.0 810.0 813.0 816.0 816.0 816.0 815.0
-9999 -9999 -9999 -9999 -9999 -9999 -9999 -9999 -9999 -9999 -9999 -9999 -9999 -9999 -9999 -9999 -9999 -9999 -9999 -9999 -9999 -9999 -9999 -9999 -9999 -9999 -9999 -9999 -9999 -9999 -9999 -9999 -9999 -9999 -9999 1193.0 1186.0 1176.0 1163.0 1147.0 1130.0 1112.0 1093.0 1073.0 1055.0 1037.0 1022.0 1009.0 998.0 989.0 981.0 974.0 968.0 966.0 964.0 963.0 960.0 955.0 946.0 936.0 925.0 914.0 903.0 893.0 882.0 869.0 860.0 850.0 842.0 833.0 825.0 820.0 826.0 830.0 831.0 832.0 830.0
-9999 -9999 -9999 -9999 -9999 -9999 -9999 -9999 -9999 -9999 -9999 -9999 -9999 -9999 -9999 -9999 -9999 -9999 -9999 -9999 -9999 -9999 -9999 -9999 -9999 -9999 -9999 -9999 -9999 -9999 -9999 -9999 -9999 -9999 -9999 1201.0 1193.0 1181.0 1167.0 1151.0 1134.0 1116.0 1097.0 1079.0 1061.0 1044.0 1029.0 1017.0 1007.0 999.0 991.0 984.0 979.0 976.0 975.0 974.0 972.0 965.0 956.0 944.0 932.0 921.0 910.0 899.0 887.0 870.0 870.0 862.0 855.0 845.0 830.0 840.0 842.0 845.0 846.0 846.0 844.0
-9999 -9999 -9999 -9999 -9999 -9999 -9999 -9999 -9999 -9999 -9999 -9999 -9999 -9999 -9999 -9999 -9999 -9999 -9999 -9999 -9999 -9999 -9999 -9999 -9999 -9999 -9999 -9999 -9999 -9999 -9999 -9999 -9999 -9999 1217.0 1209.0 1199.0 1186.0 1171.0 1155.0 1138.0 1121.0 1103.0 1085.0 1068.0 1053.0 1039.0 1028.0 1019.0 1011.0 1004.0 997.0 991.0 988.0 987.0 986.0 983.0 976.0 966.0 953.0 940.0 928.0 916.0 906.0 900.0 880.0 879.0 875.0 868.0 859.0 850.0 853.0 857.0 859.0 860.0 859.0 857.0
-9999 -9999 -9999 -9999 -9999 -9999 -9999 -9999 -9999 -9999 -9999 -9999 -9999 -9999 -9999 -9999 -9999 -9999 -9999 -9999 -9999 -9999 -9999 -9999 -9999 -9999 -9999 -9999 -9999 -9999 -9999 -9999 -9999 -9999 1226.0 1217.0 1205.0 1191.0 1176.0 1161.0 1144.0 1128.0 1111.0 1094.0 1078.0 1063.0 1050.0 1040.0 1032.0 1026.0 1019.0 1011.0 1005.0 1001.0 999.0 998.0 994.0 986.0 975.0 961.0 947.0 934.0 921.0 909.0 900.0 894.0 892.0 887.0 880.0 870.0 860.0 868.0 872.0 873.0 873.0 872.0 869.0
-9999 -9999 -9999 -9999 -9999 -9999 -9999 -9999 -9999 -9999 -9999 -9999 -9999 -9999 -9999 -9999 -9999 -9999 -9999 -9999 -9999 -9999 -9999 -9999 -9999 -9999 -9999 -9999 -9999 -9999 -9999 -9999 -9999 1243.0 1235.0 1224.0 1212.0 1198.0 1183.0 1168.0 1152.0 1136.0 1120.0 1104.0 1089.0 1075.0 1063.0 1054.0 1047.0 1041.0 1034.0 1027.0 1019.0 1014.0 1011.0 1009.0 1004.0 995.0 983.0 968.0 953.0 938.0 925.0 910.0 910.0 906.0 903.0 899.0 891.0 880.0 880.0 885.0 887.0 887.0 886.0 884.0 881.0
-9999 -9999 -9999 -9999 -9999 -9999 -9999 -9999 -9999 -9999 -9999 -9999 -9999 -9999 -9999 -9999 -9999 -9999 -9999 -9999 -9999 -9999 -9999 -9999 -9999 -9999 -9999 -9999 -9999 -9999 -9999 -9999 -9999 1253.0 1244.0 1232.0 1220.0 1206.0 1192.0 1177.0 1161.0 1146.0 1130.0 1116.0 1101.0 1088.0 1077.0 1068.0 1061.0 1056.0 1049.0 1041.0 1033.0 1026.0 1022.0 1017.0 1011.0 1002.0 988.0 973.0 957.0 943.0 929.0 920.0 917.0 915.0 913.0 909.0 903.0 900.0 898.0 900.0 901.0 901.0 899.0 896.0 891.0
-9999 -9999 -9999 -9999 -9999 -9999 -9999 -9999 -9999 -9999 -9999 -9999 -9999 -9999 -9999 -9999 -9999 -9999 -9999 -9999 -9999 -9999 -9999 -9999 -9999 -9999 -9999 -9999 -9999 -9999 -9999 -9999 1272.0 1263.0 1253.0 1241.0 1229.0 1215.0 1201.0 1186.0 1171.0 1156.0 1141.0 1126.0 1113.0 1100.0 1090.0 1081.0 1075.0 1069.0 1061.0 1052.0 1043.0 1036.0 1029.0 1023.0 1016.0 1005.0 991.0 975.0 960.0 946.0 930.0 920.0 924.0 924.0 921.0 918.0 913.0 910.0 911.0 913.0 914.0 913.0 910.0 906.0 900.0
-9999 -9999 -9999 -9999 -9999 -9999 -9999 -9999 -9999 -9999 -9999 -9999 -9999 -9999 -9999 -9999 -9999 -9999 -9999 -9999 -9999 -9999 -9999 -9999 -9999 -9999 -9999 -9999 -9999 -9999 -9999 1292.0 1282.0 1272.0 1261.0 1250.0 1238.0 1225.0 1211.0 1196.0 1180.0 1165.0 1150.0 1136.0 1123.0 1112.0 1101.0 1093.0 1086.0 1079.0 1070.0 1061.0 1051.0 1041.0 1034.0 1026.0 1017.0 1005.0 991.0 977.0 964.0 951.0 940.0 934.0 933.0 932.0 929.0 925.0 920.0 920.0 921.0 923.0 924.0 923.0 920.0 915.0 908.0
-9999 -9999 -9999 -9999 -9999 -9999 -9999 -9999 -9999 -9999 -9999 -9999 -9999 -9999 -9999 -9999 -9999 -9999 -9999 -9999 -9999 -9999 -9999 -9999 -9999 -9999 -9999 -9999 -9999 -9999 1312.0 1302.0 1292.0 1281.0 1269.0 1258.0 1246.0 1233.0 1219.0 1204.0 1188.0 1172.0 1158.0 1145.0 1132.0 1121.0 1111.0 1102.0 1094.0 1086.0 1076.0 1065.0 1054.0 1044.0 1035.0 1026.0 1015.0 1004.0 991.0 978.0 967.0 957.0 949.0 944.0 942.0 939.0 936.0 932.0 930.0 929.0 931.0 933.0 934.0 933.0 929.0 924.0 916.0
-9999 -9999 -9999 -9999 -9999 -9999 -9999 -9999 -9999 -9999 -9999 -9999 -9999 -9999 -9999 -9999 -9999 -9999 -9999 -9999 -9999 -9999 -9999 -9999 -9999 -9999 -9999 -9999 -9999 -9999 1323.0 1312.0 1300.0 1288.0 1276.0 1264.0 1251.0 1238.0 1224.0 1208.0 1193.0 1177.0 1163.0 1150.0 1139.0 1127.0 1117.0 1108.0 1098.0 1089.0 1078.0 1067.0 1055.0 1044.0 1034.0 1024.0 1013.0 1002.0 990.0 980.0 970.0 963.0 956.0 952.0 949.0 945.0 942.0 937.0 930.0 935.0 939.0 941.0 942.0 941.0 937.0 931.0 923.0
-9999 -9999 -9999 -9999 -9999 -9999 -9999 -9999 -9999 -9999 -9999 -9999 -9999 -9999 -9999 -9999 -9999 -9999 -9999 -9999 -9999 -9999 -9999 -9999 -9999 -9999 -9999 -9999 -9999 1342.0 1332.0 1320.0 1308.0 1295.0 1281.0 1268.0 1254.0 1240.0 1225.0 1209.0 1194.0 1179.0 1166.0 1153.0 1142.0 1131.0 1120.0 1110.0 1100.0 1089.0 1078.0 1066.0 1054.0 1043.0 1033.0 1023.0 1012.0 1002.0 992.0 983.0 975.0 968.0 963.0 959.0 955.0 951.0 948.0 945.0 942.0 944.0 947.0 949.0 949.0 948.0 944.0 938.0 930.0
-9999 -9999 -9999 -9999 -9999 -9999 -9999 -9999 -9999 -9999 -9999 -9999 -9999 -9999 -9999 -9999 -9999 -9999 -9999 -9999 -9999 -9999 -9999 -9999 -9999 -9999 -9999 -9999 1360.0 1351.0 1340.0 1328.0 1314.0 1300.0 1285.0 1270.0 1255.0 1239.0 1224.0 1208.0 1193.0 1178.0 1165.0 1153.0 1142.0 1131.0 1121.0 1110.0 1100.0 1089.0 1078.0 1066.0 1054.0 1043.0 1033.0 1024.0 1014.0 1005.0 996.0 987.0 980.0 974.0 969.0 965.0 961.0 957.0 954.0 952.0 951.0 952.0 954.0 955.0 955.0 953.0 949.0 943.0 936.0
