data/PosinaDailyOneYear/5/sky_5_rid.asc
ncols        18
nrows        17
xllcorner    1677720.000000000000
yllcorner    5076380.000000000000
cellsize     20.000000000000
NODATA_value  -9999
 0.83792471885681152344 0.84263443946838378906 0.84609127044677734375 0.8522739410400390625 0.85229903459548950195 0.85243052244186401367 0.85335958003997802734 0.84756010770797729492 0.84227335453033447266 0.84775853157043457031 0.85382658243179321289 0.86529421806335449219 0.88215959072113037109 0.88298946619033813477 0.89013093709945678711 0.88019359111785888672 0.86648583412170410156 0.86726897954940795898
 0.83438628911972045898 0.8370081782341003418 0.84002220630645751953 0.84869265556335449219 0.84749877452850341797 0.84756207466125488281 0.84606063365936279297 0.84241175651550292969 0.84216392040252685547 0.85294687747955322266 0.86092269420623779297 0.86484217643737792969 0.88169050216674804688 0.88718569278717041016 0.88377755880355834961 0.87443459033966064453 0.86146807670593261719 0.86329710483551025391
 0.82742834091186523438 0.83077549934387207031 0.83577609062194824219 0.85097813606262207031 0.84989124536514282227 0.85331481695175170898 0.85628300905227661133 0.85375761985778808594 0.85059595108032226562 0.85878312587738037109 0.87302857637405395508 0.87592178583145141602 0.88738870620727539062 0.88261246681213378906 0.87557297945022583008 0.87185257673263549805 0.85898607969284057617 0.86115562915802001953
 0.84840404987335205078 0.84874725341796875 0.85425066947937011719 0.86762249469757080078 0.86500334739685058594 0.8721898198127746582 0.87287765741348266602 0.86785644292831420898 0.86464834213256835938 0.87271386384963989258 0.87517535686492919922 0.88330757617950439453 0.88922119140625 0.87890261411666870117 0.86871439218521118164 0.86621820926666259766 0.85463404655456542969 0.8618838191032409668
 0.8523241877555847168 0.85583633184432983398 0.86055296659469604492 0.87152129411697387695 0.86917698383331298828 0.87444007396697998047 0.8733463287353515625 0.86159372329711914062 0.86093181371688842773 0.87582385540008544922 0.87945419549942016602 0.88575071096420288086 0.89147698879241943359 0.87742501497268676758 0.86401969194412231445 0.86244058609008789062 0.85160624980926513672 0.85855174064636230469
 0.857666015625 0.86231952905654907227 0.85414737462997436523 0.86564171314239501953 0.85847318172454833984 0.86797344684600830078 0.87069737911224365234 0.86274158954620361328 0.85268706083297729492 0.87264007329940795898 0.88263624906539916992 0.89095437526702880859 0.89326399564743041992 0.87203729152679443359 0.85999017953872680664 0.85601669549942016602 0.84450829029083251953 0.84742325544357299805
 0.86879444122314453125 0.86586689949035644531 0.85201591253280639648 0.85897225141525268555 0.85711658000946044922 0.85683172941207885742 0.86465537548065185547 0.85639292001724243164 0.85424447059631347656 0.86973452568054199219 0.88259845972061157227 0.89220482110977172852 0.89143604040145874023 0.87529790401458740234 0.85790956020355224609 0.85037410259246826172 0.84120857715606689453 0.84346467256546020508
 0.85458964109420776367 0.85583138465881347656 0.8411967158317565918 0.84115022420883178711 0.840373992919921875 0.84220635890960693359 0.84914666414260864258 0.85064935684204101562 0.85342735052108764648 0.87159329652786254883 0.88657671213150024414 0.89342099428176879883 0.88727170228958129883 0.872379302978515625 0.85006278753280639648 0.84332138299942016602 0.82944244146347045898 0.83358246088027954102
 0.85583966970443725586 0.84843730926513671875 0.83782517910003662109 0.83637458086013793945 0.83621352910995483398 0.83874398469924926758 0.83829683065414428711 0.84139436483383178711 0.85191875696182250977 0.87548851966857910156 0.89335530996322631836 0.89451891183853149414 0.88469260931015014648 0.86718833446502685547 0.84289515018463134766 0.83513152599334716797 0.81457382440567016602 0.82301533222198486328
 0.85270965099334716797 0.84875285625457763672 0.83749437332153320312 0.83548694849014282227 0.83617031574249267578 0.83715832233428955078 0.84013181924819946289 0.8380133509635925293 0.8415915369987487793 0.86945796012878417969 0.89528220891952514648 0.8929226994514465332 0.88277739286422729492 0.85952085256576538086 0.83852869272232055664 0.8209488987922668457 0.810153961181640625 0.8185990452766418457
 0.85105133056640625 0.8429438471794128418 0.83416688442230224609 0.83344632387161254883 0.82171088457107543945 0.82643282413482666016 0.82728123664855957031 0.83204817771911621094 0.84472405910491943359 0.86975193023681640625 0.88928091526031494141 0.8881842494010925293 0.8775984644889831543 0.85367226600646972656 0.83405089378356933594 0.82671082019805908203 0.81693708896636962891 0.8200740814208984375
 0.84937942028045654297 0.83979743719100952148 0.83012193441390991211 0.83525067567825317383 0.82357347011566162109 0.82458657026290893555 0.82163590192794799805 0.82531344890594482422 0.83662849664688110352 0.87011063098907470703 0.88610255718231201172 0.88362383842468261719 0.87304985523223876953 0.84894084930419921875 0.82689297199249267578 0.81587332487106323242 0.81456845998764038086 0.81648308038711547852
 0.83217447996139526367 0.83306747674942016602 0.81866699457168579102 0.81718814373016357422 0.81458485126495361328 0.81650435924530029297 0.81803798675537109375 0.81353801488876342773 0.82391780614852905273 0.85958051681518554688 0.87790840864181518555 0.8781540989875793457 0.86741125583648681641 0.85034579038619995117 0.83219003677368164062 0.81723046302795410156 0.81891989707946777344 0.81877499818801879883
 0.82155078649520874023 0.82241213321685791016 0.80726224184036254883 0.80679464340209960938 0.80622339248657226562 0.8112837672233581543 0.82061570882797241211 0.8230190277099609375 0.82707798480987548828 0.85967093706130981445 0.87248569726943969727 0.86504244804382324219 0.86149710416793823242 0.84324353933334350586 0.82626146078109741211 0.80827212333679199219 0.81160986423492431641 0.81216716766357421875
 0.81272238492965698242 0.81651407480239868164 0.80271565914154052734 0.80055177211761474609 0.79748904705047607422 0.80623775720596313477 0.81423211097717285156 0.829212188720703125 0.83135664463043212891 0.86320972442626953125 0.87123638391494750977 0.85755777359008789062 0.85606461763381958008 0.84060025215148925781 0.82641160488128662109 0.81753671169281005859 0.81697517633438110352 0.81510680913925170898
 0.81512033939361572266 0.81161266565322875977 0.79638278484344482422 0.79463636875152587891 0.7897103428840637207 0.79638463258743286133 0.80872058868408203125 0.8278681635856628418 0.83232629299163818359 0.86324489116668701172 0.86404651403427124023 0.84983265399932861328 0.84763002395629882812 0.83647423982620239258 0.8193683624267578125 0.80969393253326416016 0.80772221088409423828 0.80741745233535766602
 0.81476664543151855469 0.81153595447540283203 0.79128050804138183594 0.78875941038131713867 0.78421384096145629883 0.78169625997543334961 0.79898422956466674805 0.82039153575897216797 0.83042693138122558594 0.85464292764663696289 0.85343974828720092773 0.83595430850982666016 0.83503645658493041992 0.82365554571151733398 0.80373519659042358398 0.80088269710540771484 0.79777884483337402344 0.79840338230133056641
