data/PosinaDailyOneYear/10/dem_10.asc
ncols        675
nrows        650
xllcorner    1669000.000000000000
yllcorner    5070800.000000000000
cellsize     20.000000000000
NODATA_value  -9999
[rows 68 to 101 of 650, columns 462 to 538 of 675]
1366 1367 1368 1368 1368 1370 1372 1376 1379 1381 1378 1370 1355 1355 1356 1362 1367 1371 1375 1385 1385 1395 1402 1408 1413 1419 1424 1429 1432 1434 1434 1431 1426 1418 1408 1396 1380 1363 1350 1352 1344 1338 1333 1350 1375 1397 1417 1434 1450 1464 1476 1486 1491 -9999 -9999 -9999 -9999 -9999 -9999 -9999 -9999 -9999 -9999 -9999 -9999 -9999 -9999 -9999 -9999 -9999 -9999 -9999 -9999 -9999 -9999 -9999 -9999
1353 1356 1357 1357 1357 1358 1361 1365 1369 1372 1371 1365 1354 1343 1331 1344 1350 1353 1353 1368 1375 1382 1387 1391 1397 1403 1409 1413 1416 1417 1417 1415 1410 1405 1396 1385 1372 1356 1339 1339 1331 1324 1324 1351 1375 1396 1415 1432 1448 1462 1474 1483 1487 -9999 -9999 -9999 -9999 -9999 -9999 -9999 -9999 -9999 -9999 -9999 -9999 -9999 -9999 -9999 -9999 -9999 -9999 -9999 -9999 -9999 -9999 -9999 -9999
1342 1345 1346 1347 1347 1347 1349 1353 1359 1363 1364 1360 1350 1337 1322 1330 1337 1337 1353 1357 1363 1369 1372 1372 1380 1387 1393 1397 1399 1400 1400 1398 1394 1389 1382 1372 1360 1346 1331 1321 1315 1315 1330 1352 1374 1393 1411 1427 1443 1457 1468 1476 -9999 -9999 -9999 -9999 -9999 -9999 -9999 -9999 -9999 -9999 -9999 -9999 -9999 -9999 -9999 -9999 -9999 -9999 -9999 -9999 -9999 -9999 -9999 -9999 -9999
1331 1334 1336 1336 1336 1336 1338 1342 1347 1353 1355 1353 1344 1329 1310 1318 1318 1327 1337 1344 1350 1355 1357 1356 1364 1370 1376 1380 1383 1383 1383 1381 1378 1373 1366 1358 1346 1333 1318 1306 1292 1311 1331 1351 1371 1389 1405 1421 1436 1449 1460 1468 -9999 -9999 -9999 -9999 -9999 -9999 -9999 -9999 -9999 -9999 -9999 -9999 -9999 -9999 -9999 -9999 -9999 -9999 -9999 -9999 -9999 -9999 -9999 -9999 -9999
1324 1324 1326 1326 1325 1325 1326 1330 1336 1342 1346 1345 1337 1323 1300 1300 1307 1315 1324 1331 1337 1342 1342 1340 1347 1354 1359 1363 1365 1366 1366 1364 1361 1356 1349 1341 1330 1317 1300 1283 1283 1307 1329 1349 1368 1385 1401 1415 1429 1442 1452 1459 -9999 -9999 -9999 -9999 -9999 -9999 -9999 -9999 -9999 -9999 -9999 -9999 -9999 -9999 -9999 -9999 -9999 -9999 -9999 -9999 -9999 -9999 -9999 -9999 -9999
1322 1317 1317 1315 1314 1314 1315 1319 1324 1330 1335 1336 1331 1319 1304 1291 1296 1303 1311 1318 1325 1329 1330 1327 1331 1337 1342 1345 1347 1348 1348 1347 1343 1339 1332 1323 1313 1298 1281 1266 1284 1305 1326 1346 1364 1381 1396 1411 1424 1436 1445 1450 -9999 -9999 -9999 -9999 -9999 -9999 -9999 -9999 -9999 -9999 -9999 -9999 -9999 -9999 -9999 -9999 -9999 -9999 -9999 -9999 -9999 -9999 -9999 -9999 -9999
1315 1308 1304 1303 1303 1303 1304 1307 1312 1319 1324 1327 1324 1315 1301 1282 1282 1289 1297 1305 1312 1317 1318 1314 1314 1320 1325 1328 1330 1331 1330 1329 1327 1322 1315 1305 1294 1278 1257 1257 1282 1303 1324 1343 1361 1377 1393 1407 1420 1430 1438 -9999 -9999 -9999 -9999 -9999 -9999 -9999 -9999 -9999 -9999 -9999 -9999 -9999 -9999 -9999 -9999 -9999 -9999 -9999 -9999 -9999 -9999 -9999 -9999 -9999 -9999
1304 1296 1287 1291 1292 1293 1294 1296 1301 1307 1313 1317 1316 1310 1298 1283 1268 1276 1284 1293 1300 1306 1307 1305 1301 1304 1308 1311 1313 1313 1313 1313 1311 1306 1299 1289 1276 1261 1248 1262 1282 1302 1321 1339 1357 1374 1389 1404 1416 1425 1431 -9999 -9999 -9999 -9999 -9999 -9999 -9999 -9999 -9999 -9999 -9999 -9999 -9999 -9999 -9999 -9999 -9999 -9999 -9999 -9999 -9999 -9999 -9999 -9999 -9999 -9999
1291 1282 1282 1281 1282 1283 1284 1286 1290 1295 1302 1306 1307 1304 1294 1280 1261 1261 1270 1280 1288 1295 1297 1295 1288 1288 1292 1295 1296 1296 1296 1296 1295 1291 1284 1273 1258 1240 1240 1262 1282 1300 1318 1336 1353 1370 1385 1400 1411 1419 -9999 -9999 -9999 -9999 -9999 -9999 -9999 -9999 -9999 -9999 -9999 -9999 -9999 -9999 -9999 -9999 -9999 -9999 -9999 -9999 -9999 -9999 -9999 -9999 -9999 -9999 -9999
1278 1271 1268 1269 1271 1273 1274 1276 1279 1284 1290 1295 1298 1296 1290 1279 1266 1255 1255 1267 1277 1284 1287 1286 1281 1276 1277 1280 1281 1281 1279 1279 1278 1275 1268 1257 1244 1232 1245 1263 1281 1299 1316 1332 1349 1365 1381 1395 1405 1412 -9999 -9999 -9999 -9999 -9999 -9999 -9999 -9999 -9999 -9999 -9999 -9999 -9999 -9999 -9999 -9999 -9999 -9999 -9999 -9999 -9999 -9999 -9999 -9999 -9999 -9999 -9999
1263 1258 1250 1256 1260 1263 1265 1267 1270 1274 1279 1284 1288 1288 1284 1277 1266 1255 1244 1256 1266 1273 1277 1276 1270 1259 1259 1263 1265 1265 1263 1262 1261 1257 1250 1238 1225 1225 1245 1263 1280 1297 1313 1329 1345 1361 1376 1389 1398 1403 -9999 -9999 -9999 -9999 -9999 -9999 -9999 -9999 -9999 -9999 -9999 -9999 -9999 -9999 -9999 -9999 -9999 -9999 -9999 -9999 -9999 -9999 -9999 -9999 -9999 -9999 -9999
1271 1261 1250 1244 1249 1254 1257 1259 1261 1264 1268 1273 1277 1279 1277 1272 1263 1251 1238 1247 1255 1263 1267 1267 1261 1252 1243 1247 1249 1249 1247 1245 1243 1238 1230 1218 1218 1232 1248 1264 1280 1296 1311 1326 1341 1356 1370 1382 1390 1394 -9999 -9999 -9999 -9999 -9999 -9999 -9999 -9999 -9999 -9999 -9999 -9999 -9999 -9999 -9999 -9999 -9999 -9999 -9999 -9999 -9999 -9999 -9999 -9999 -9999 -9999 -9999
1275 1264 1252 1238 1238 1244 1249 1252 1253 1255 1258 1262 1266 1269 1269 1265 1258 1246 1232 1237 1244 1251 1256 1257 1252 1240 1222 1229 1233 1233 1232 1229 1225 1220 1210 1210 1222 1236 1251 1266 1281 1295 1310 1324 1338 1352 1365 1375 1382 1385 -9999 -9999 -9999 -9999 -9999 -9999 -9999 -9999 -9999 -9999 -9999 -9999 -9999 -9999 -9999 -9999 -9999 -9999 -9999 -9999 -9999 -9999 -9999 -9999 -9999 -9999 -9999
1276 1265 1253 1241 1233 1235 1241 1244 1246 1246 1248 1251 1255 1258 1259 1257 1251 1240 1224 1224 1230 1238 1244 1246 1242 1231 1211 1211 1217 1218 1216 1213 1209 1206 1202 1212 1226 1240 1254 1268 1282 1295 1309 1322 1335 1347 1359 1368 1373 1376 -9999 -9999 -9999 -9999 -9999 -9999 -9999 -9999 -9999 -9999 -9999 -9999 -9999 -9999 -9999 -9999 -9999 -9999 -9999 -9999 -9999 -9999 -9999 -9999 -9999 -9999 -9999
1273 1263 1251 1239 1228 1223 1231 1236 1238 1238 1238 1240 1243 1246 1248 1248 1244 1235 1223 1212 1212 1224 1232 1235 1232 1224 1211 1200 1203 1204 1201 1197 1192 1193 1193 1213 1229 1243 1258 1271 1284 1296 1308 1319 1331 1343 1353 1360 1365 1367 -9999 -9999 -9999 -9999 -9999 -9999 -9999 -9999 -9999 -9999 -9999 -9999 -9999 -9999 -9999 -9999 -9999 -9999 -9999 -9999 -9999 -9999 -9999 -9999 -9999 -9999 -9999
1269 1260 1247 1235 1224 1217 1223 1228 1229 1229 1228 1228 1230 1233 1236 1237 1235 1229 1220 1210 1201 1213 1220 1223 1222 1216 1205 1191 1191 1190 1186 1180 1169 1184 1199 1216 1232 1247 1261 1274 1285 1296 1306 1316 1327 1337 1346 1352 1356 1358 -9999 -9999 -9999 -9999 -9999 -9999 -9999 -9999 -9999 -9999 -9999 -9999 -9999 -9999 -9999 -9999 -9999 -9999 -9999 -9999 -9999 -9999 -9999 -9999 -9999 -9999 -9999
1269 1260 1241 1228 1217 1213 1215 1218 1219 1219 1218 1217 1217 1219 1223 1225 1225 1221 1214 1206 1196 1204 1210 1212 1211 1207 1198 1188 1181 1177 1171 1169 1169 1186 1203 1219 1234 1249 1263 1275 1285 1294 1302 1311 1321 1330 1339 1344 1348 1349 -9999 -9999 -9999 -9999 -9999 -9999 -9999 -9999 -9999 -9999 -9999 -9999 -9999 -9999 -9999 -9999 -9999 -9999 -9999 -9999 -9999 -9999 -9999 -9999 -9999 -9999 -9999
1275 1262 1249 1236 1223 1208 1202 1207 1208 1208 1206 1205 1204 1206 1209 1212 1213 1211 1207 1200 1191 1196 1200 1202 1200 1196 1189 1178 1166 1166 1153 1157 1173 1189 1205 1221 1236 1251 1263 1274 1282 1289 1296 1304 1313 1322 1330 1336 1340 1341 -9999 -9999 -9999 -9999 -9999 -9999 -9999 -9999 -9999 -9999 -9999 -9999 -9999 -9999 -9999 -9999 -9999 -9999 -9999 -9999 -9999 -9999 -9999 -9999 -9999 -9999 -9999
1279 1267 1255 1243 1231 1217 1202 1199 1195 1196 1194 1193 1192 1191 1194 1197 1200 1200 1197 1192 1187 1189 1191 1192 1190 1185 1177 1166 1156 1148 1153 1164 1177 1192 1207 1222 1237 1250 1261 1270 1277 1282 1288 1295 1304 1313 1322 1328 1331 1333 -9999 -9999 -9999 -9999 -9999 -9999 -9999 -9999 -9999 -9999 -9999 -9999 -9999 -9999 -9999 -9999 -9999 -9999 -9999 -9999 -9999 -9999 -9999 -9999 -9999 -9999 -9999
1283 1271 1260 1249 1239 1228 1216 1206 1190 1185 1180 1181 1178 1176 1177 1181 1185 1186 1185 1183 1182 1181 1182 1183 1181 1175 1166 1153 1141 1148 1156 1167 1180 1193 1208 1222 1236 1248 1257 1264 1268 1273 1278 1285 1294 1303 1312 1319 1323 1325 1325 -9999 -9999 -9999 -9999 -9999 -9999 -9999 -9999 -9999 -9999 -9999 -9999 -9999 -9999 -9999 -9999 -9999 -9999 -9999 -9999 -9999 -9999 -9999 -9999 -9999 -9999
1286 1275 1264 1254 1245 1236 1227 1217 1206 1195 1180 1174 1165 1158 1155 1165 1170 1172 1171 1169 1170 1170 1172 1174 1172 1166 1155 1137 1137 1147 1157 1168 1181 1194 1208 1221 1233 1243 1251 1256 1259 1263 1267 1274 1283 1292 1301 1309 1314 1317 1317 1316 -9999 -9999 -9999 -9999 -9999 -9999 -9999 -9999 -9999 -9999 -9999 -9999 -9999 -9999 -9999 -9999 -9999 -9999 -9999 -9999 -9999 -9999 -9999 -9999 -9999
1288 1277 1266 1257 1249 1242 1235 1227 1217 1207 1195 1186 1177 1167 1155 1152 1156 1157 1154 1151 1149 1154 1159 1163 1163 1158 1148 1134 1136 1145 1156 1168 1180 1193 1207 1219 1229 1237 1243 1246 1249 1252 1257 1264 1272 1281 1290 1298 1304 1308 1310 1309 -9999 -9999 -9999 -9999 -9999 -9999 -9999 -9999 -9999 -9999 -9999 -9999 -9999 -9999 -9999 -9999 -9999 -9999 -9999 -9999 -9999 -9999 -9999 -9999 -9999
1288 1277 1267 1258 1251 1244 1238 1231 1223 1215 1206 1196 1186 1175 1162 1149 1146 1143 1136 1131 1129 1139 1145 1151 1153 1150 1141 1126 1126 1141 1154 1166 1179 1192 1204 1215 1224 1230 1234 1236 1238 1242 1247 1253 1261 1269 1278 1286 1294 1299 1302 1303 1302 -9999 -9999 -9999 -9999 -9999 -9999 -9999 -9999 -9999 -9999 -9999 -9999 -9999 -9999 -9999 -9999 -9999 -9999 -9999 -9999 -9999 -9999 -9999 -9999
1286 1275 1265 1256 1248 1241 1235 1229 1224 1217 1210 1201 1190 1179 1168 1157 1151 1145 1139 1134 1129 1127 1127 1137 1142 1141 1135 1127 1124 1138 1151 1164 1176 1189 1201 1211 1218 1222 1225 1226 1228 1231 1237 1243 1250 1258 1267 1275 1283 1289 1294 1296 1296 1295 -9999 -9999 -9999 -9999 -9999 -9999 -9999 -9999 -9999 -9999 -9999 -9999 -9999 -9999 -9999 -9999 -9999 -9999 -9999 -9999 -9999 -9999 -9999
1283 1271 1260 1250 1242 1234 1228 1222 1218 1214 1208 1199 1189 1178 1169 1160 1153 1146 1140 1135 1129 1124 1116 1127 1131 1131 1128 1121 1121 1135 1148 1161 1174 1186 1197 1205 1210 1213 1214 1216 1218 1222 1227 1233 1240 1248 1256 1264 1272 1279 1285 1289 1291 1290 -9999 -9999 -9999 -9999 -9999 -9999 -9999 -9999 -9999 -9999 -9999 -9999 -9999 -9999 -9999 -9999 -9999 -9999 -9999 -9999 -9999 -9999 -9999
1278 1266 1254 1241 1235 1223 1217 1211 1207 1208 1202 1193 1181 1171 1164 1158 1151 1144 1139 1134 1128 1122 1120 1120 1121 1122 1121 1120 1124 1134 1145 1158 1170 1181 1191 1198 1202 1203 1204 1205 1208 1212 1217 1224 1231 1238 1246 1254 1262 1270 1277 1282 1285 1285 -9999 -9999 -9999 -9999 -9999 -9999 -9999 -9999 -9999 -9999 -9999 -9999 -9999 -9999 -9999 -9999 -9999 -9999 -9999 -9999 -9999 -9999 -9999
1272 1260 1247 1241 1242 1236 1229 1220 1207 1204 1195 1185 1167 1158 1158 1154 1146 1139 1135 1132 1125 1122 1120 1112 1110 1112 1112 1110 1120 1130 1142 1154 1165 1176 1184 1189 1191 1192 1193 1195 1198 1202 1208 1214 1221 1229 1237 1245 1254 1262 1269 1275 1279 1281 -9999 -9999 -9999 -9999 -9999 -9999 -9999 -9999 -9999 -9999 -9999 -9999 -9999 -9999 -9999 -9999 -9999 -9999 -9999 -9999 -9999 -9999 -9999
1282 1275 1267 1260 1256 1249 1241 1231 1218 1204 1188 1181 1167 1170 1169 1165 1158 1150 1144 1138 1132 1127 1122 1116 1110 1105 1106 1105 1115 1126 1138 1149 1160 1169 1175 1179 1181 1181 1182 1184 1188 1193 1199 1205 1212 1220 1228 1237 1246 1254 1262 1269 1274 1277 -9999 -9999 -9999 -9999 -9999 -9999 -9999 -9999 -9999 -9999 -9999 -9999 -9999 -9999 -9999 -9999 -9999 -9999 -9999 -9999 -9999 -9999 -9999
1296 1290 1283 1275 1268 1260 1251 1241 1228 1216 1205 1196 1189 1186 1182 1177 1169 1161 1152 1145 1138 1132 1125 1118 1111 1105 1101 1104 1112 1122 1133 1144 1154 1161 1166 1169 1170 1171 1172 1175 1178 1183 1189 1196 1203 1211 1219 1228 1237 1246 1255 1263 1269 1273 1275 -9999 -9999 -9999 -9999 -9999 -9999 -9999 -9999 -9999 -9999 -9999 -9999 -9999 -9999 -9999 -9999 -9999 -9999 -9999 -9999 -9999 -9999
1310 1304 1296 1288 1279 1270 1261 1250 1239 1228 1219 1211 1206 1201 1196 1189 1180 1171 1161 1152 1144 1137 1129 1121 1113 1105 1096 1096 1106 1116 1127 1138 1147 1153 1157 1159 1160 1161 1162 1165 1169 1174 1180 1186 1193 1201 1210 1219 1229 1238 1248 1257 1265 1270 1273 -9999 -9999 -9999 -9999 -9999 -9999 -9999 -9999 -9999 -9999 -9999 -9999 -9999 -9999 -9999 -9999 -9999 -9999 -9999 -9999 -9999 -9999
1323 1316 1308 1299 1290 1280 1271 1261 1250 1241 1233 1226 1220 1215 1208 1200 1191 1180 1169 1159 1150 1142 1133 1124 1114 1106 1099 1091 1100 1110 1121 1131 1139 1145 1149 1150 1151 1151 1153 1155 1159 1164 1170 1177 1184 1192 1200 1210 1220 1230 1240 1250 1260 1267 1271 -9999 -9999 -9999 -9999 -9999 -9999 -9999 -9999 -9999 -9999 -9999 -9999 -9999 -9999 -9999 -9999 -9999 -9999 -9999 -9999 -9999 -9999
1336 1328 1319 1310 1300 1291 1282 1272 1263 1255 1247 1240 1234 1228 1220 1211 1200 1189 1177 1166 1156 1146 1137 1127 1114 1108 1102 1091 1095 1103 1112 1122 1130 1136 1139 1141 1142 1142 1144 1146 1150 1155 1160 1167 1174 1182 1191 1200 1211 1221 1232 1244 1254 1263 1269 1270 -9999 -9999 -9999 -9999 -9999 -9999 -9999 -9999 -9999 -9999 -9999 -9999 -9999 -9999 -9999 -9999 -9999 -9999 -9999 -9999 -9999
1348 1340 1330 1321 1311 1302 1294 1285 1277 1269 1262 1255 1247 1240 1231 1220 1209 1196 1183 1171 1160 1151 1140 1127 1123 1116 1105 1084 1084 1093 1102 1111 1119 1125 1129 1131 1132 1133 1135 1137 1141 1146 1151 1157 1165 1173 1182 1191 1202 1213 1225 1237 1248 1258 1265 1267 -9999 -9999 -9999 -9999 -9999 -9999 -9999 -9999 -9999 -9999 -9999 -9999 -9999 -9999 -9999 -9999 -9999 -9999 -9999 -9999 -9999
1360 1351 1342 1332 1323 1314 1306 1298 1290 1283 1275 1268 1260 1250 1240 1229 1216 1203 1188 1174 1162 1151 1148 1141 1135 1127 1115 1099 1084 1082 1090 1099 1106 1113 1118 1120 1122 1124 1126 1129 1132 1137 1142 1149 1156 1164 1173 1183 1193 1205 1217 1230 1242 1253 1260 1263 -9999 -9999 -9999 -9999 -9999 -9999 -9999 -9999 -9999 -9999 -9999 -9999 -9999 -9999 -9999 -9999 -9999 -9999 -9999 -9999 -9999
