data/PosinaDailyOneYear/25/dem_25.asc
ncols        675
nrows        650
xllcorner    1669000.000000000000
yllcorner    5070800.000000000000
cellsize     20.000000000000
NODATA_value  -9999
[rows 374 to 407 of 650, columns 231 to 307 of 675]
1375 1363 1349 1335 1321 1306 1290 1275 1260 1245 1230 1216 1201 1187 1173 1158 1141 1124 1110 1105 1101 1096 1090 1082 1069 1050 1026 1007 1021 1031 1037 1039 1038 1034 1027 1019 1008 993 972 943 943 954 960 961 960 969 983 998 1014 1032 1047 1058 1064 1064 1060 1054 1049 1048 1051 1056 1059 1060 1057 1048 1036 1021 1004 989 977 968 961 955 951 947 944 941 939
1383 1370 1357 1344 1330 1315 1300 1284 1268 1252 1237 1221 1207 1192 1177 1161 1144 1126 1126 1119 1114 1109 1103 1094 1079 1057 1025 1025 1038 1047 1053 1055 1053 1049 1042 1033 1022 1006 984 959 964 973 978 980 979 979 976 983 997 1021 1040 1054 1062 1066 1064 1060 1057 1058 1062 1067 1071 1073 1070 1062 1049 1034 1017 1001 988 978 971 965 960 956 952 949 946
1390 1377 1364 1351 1337 1323 1307 1290 1273 1256 1240 1224 1208 1192 1178 1163 1145 1126 1132 1130 1127 1122 1116 1106 1090 1068 1042 1045 1055 1064 1069 1071 1069 1064 1057 1048 1035 1018 995 969 980 991 997 998 995 991 993 997 997 1011 1034 1050 1062 1068 1069 1067 1066 1068 1072 1078 1082 1084 1081 1074 1062 1046 1030 1013 1000 989 981 975 970 965 961 957 954
1396 1383 1370 1356 1342 1328 1311 1293 1275 1258 1240 1223 1206 1189 1176 1163 1157 1148 1145 1142 1139 1135 1128 1118 1102 1080 1053 1059 1070 1080 1085 1087 1084 1079 1072 1062 1048 1029 1005 978 996 1009 1016 1017 1012 1004 1008 1012 1014 1011 1033 1049 1062 1070 1074 1075 1075 1078 1082 1088 1092 1094 1091 1084 1073 1058 1042 1026 1012 1001 993 986 980 975 971 967 963
1401 1388 1374 1360 1346 1330 1313 1295 1275 1257 1239 1220 1202 1189 1187 1179 1172 1164 1159 1155 1151 1147 1141 1131 1115 1093 1064 1064 1082 1094 1101 1103 1100 1095 1087 1075 1060 1038 1011 988 1013 1029 1037 1036 1027 1014 1022 1029 1033 1037 1037 1050 1063 1074 1080 1083 1085 1088 1093 1099 1102 1103 1100 1093 1082 1068 1053 1038 1025 1014 1006 998 992 986 981 977 973
1405 1392 1378 1364 1349 1333 1316 1297 1272 1255 1237 1219 1216 1208 1202 1194 1186 1178 1172 1168 1164 1161 1154 1144 1129 1110 1089 1076 1094 1109 1117 1118 1116 1110 1101 1088 1071 1045 1008 1008 1035 1053 1059 1056 1043 1024 1037 1047 1052 1052 1049 1049 1066 1078 1086 1091 1095 1099 1104 1109 1112 1112 1108 1101 1090 1077 1064 1050 1038 1027 1019 1011 1004 998 992 988 983
1408 1395 1381 1367 1352 1337 1321 1305 1288 1272 1258 1244 1235 1226 1217 1208 1199 1191 1186 1182 1179 1175 1169 1158 1143 1124 1104 1087 1108 1124 1133 1135 1132 1125 1115 1101 1083 1057 1027 1040 1062 1078 1082 1077 1061 1039 1053 1065 1070 1070 1066 1061 1074 1085 1094 1100 1105 1110 1115 1120 1122 1121 1116 1108 1098 1086 1073 1061 1049 1039 1031 1023 1016 1009 1004 999 994
1410 1398 1385 1371 1357 1342 1328 1315 1303 1290 1277 1263 1251 1240 1230 1221 1212 1205 1199 1196 1194 1191 1185 1173 1157 1136 1113 1099 1123 1142 1151 1152 1148 1140 1129 1114 1095 1070 1040 1063 1086 1100 1104 1097 1080 1055 1070 1082 1088 1086 1080 1072 1083 1094 1103 1109 1115 1120 1125 1129 1131 1129 1124 1115 1104 1093 1081 1069 1059 1050 1042 1034 1027 1020 1015 1009 1004
1409 1399 1388 1375 1362 1349 1338 1328 1318 1307 1294 1279 1265 1253 1242 1233 1225 1218 1214 1212 1210 1208 1201 1189 1170 1145 1111 1111 1141 1161 1170 1171 1166 1156 1143 1127 1108 1083 1053 1081 1105 1119 1123 1116 1098 1072 1087 1099 1104 1101 1093 1083 1093 1104 1113 1120 1126 1131 1135 1139 1140 1137 1131 1122 1111 1099 1088 1077 1068 1059 1051 1044 1037 1030 1024 1019 1014
1407 1399 1389 1379 1367 1357 1348 1340 1333 1323 1309 1294 1278 1265 1254 1244 1237 1231 1228 1227 1227 1225 1219 1206 1186 1158 1124 1140 1165 1182 1190 1189 1182 1171 1157 1140 1120 1098 1074 1100 1121 1135 1139 1132 1114 1087 1103 1114 1118 1114 1104 1091 1103 1114 1124 1131 1137 1141 1146 1148 1149 1146 1139 1129 1118 1106 1095 1085 1076 1068 1060 1053 1046 1039 1033 1028 -9999
-9999 1396 1390 1381 1372 1364 1357 1352 1346 1336 1323 1307 1290 1276 1265 1256 1249 1244 1242 1242 1243 1243 1237 1224 1203 1173 1136 1160 1184 1200 1206 1205 1197 1185 1169 1152 1132 1111 1096 1118 1137 1150 1154 1147 1129 1103 1118 1129 1132 1127 1115 1098 1113 1125 1135 1143 1148 1153 1156 1158 1158 1154 1147 1137 1125 1113 1102 1092 1084 1076 1068 1061 1053 1047 1041 -9999 -9999
-9999 -9999 1389 1383 1377 1371 1366 1362 1357 1348 1335 1319 1302 1288 1276 1267 1260 1256 1255 1257 1260 1260 1256 1243 1220 1188 1148 1176 1199 1214 1220 1219 1211 1198 1181 1163 1142 1116 1116 1136 1153 1164 1168 1162 1145 1120 1134 1143 1145 1139 1126 1105 1124 1137 1147 1155 1160 1164 1167 1169 1168 1164 1156 1145 1133 1121 1111 1101 1092 1084 1076 1068 1061 1054 -9999 -9999 -9999
-9999 -9999 -9999 1384 1380 1376 1373 1370 1366 1358 1345 1330 1314 1299 1287 1278 1271 1268 1268 1271 1275 1277 1273 1261 1238 1207 1170 1193 1212 1226 1232 1232 1224 1210 1193 1175 1154 1135 1140 1155 1169 1180 1183 1177 1161 1137 1149 1157 1158 1153 1143 1136 1141 1151 1160 1168 1174 1178 1180 1181 1179 1174 1165 1153 1142 1130 1120 1110 1101 1092 1084 1076 1068 -9999 -9999 -9999 -9999
-9999 -9999 -9999 -9999 1382 1380 1378 1376 1373 1366 1355 1341 1326 1311 1299 1290 1283 1279 1280 1284 1289 1292 1289 1277 1254 1225 1193 1211 1226 1238 1245 1244 1236 1223 1205 1186 1165 1143 1156 1171 1185 1195 1199 1193 1178 1156 1165 1172 1172 1166 1155 1144 1151 1163 1173 1182 1189 1192 1195 1195 1192 1185 1175 1163 1151 1140 1130 1120 1110 1101 1093 1084 -9999 -9999 -9999 -9999 -9999
-9999 -9999 -9999 -9999 -9999 1381 1381 1381 1379 1373 1363 1351 1337 1323 1311 1301 1294 1291 1292 1296 1302 1306 1302 1289 1268 1241 1215 1229 1243 1253 1258 1257 1249 1235 1217 1196 1174 1151 1168 1185 1200 1211 1215 1209 1195 1174 1181 1186 1185 1177 1166 1153 1157 1173 1186 1197 1204 1208 1210 1209 1205 1197 1186 1174 1162 1151 1140 1130 1120 1111 1102 -9999 -9999 -9999 -9999 -9999 -9999
-9999 -9999 -9999 -9999 -9999 -9999 -9999 1383 1383 1379 1371 1360 1348 1335 1323 1313 1306 1303 1304 1309 1314 1317 1312 1298 1276 1253 1237 1249 1261 1269 1272 1270 1260 1245 1227 1207 1184 1159 1180 1199 1215 1226 1230 1225 1211 1191 1197 1200 1196 1187 1173 1162 1171 1186 1200 1211 1219 1224 1225 1224 1218 1209 1198 1185 1173 1162 1151 1141 1131 1122 -9999 -9999 -9999 -9999 -9999 -9999 -9999
-9999 -9999 -9999 -9999 -9999 -9999 -9999 -9999 1385 1384 1379 1370 1359 1346 1334 1324 1318 1315 1317 1321 1326 1326 1319 1302 1277 1254 1254 1269 1280 1285 1285 1280 1269 1254 1236 1216 1195 1172 1193 1212 1228 1240 1244 1240 1226 1207 1212 1213 1208 1195 1175 1175 1185 1198 1212 1224 1233 1238 1239 1237 1231 1222 1210 1197 1185 1173 1162 1152 1143 -9999 -9999 -9999 -9999 -9999 -9999 -9999 -9999
-9999 -9999 -9999 -9999 -9999 -9999 -9999 -9999 -9999 1389 1386 1380 1369 1357 1345 1336 1329 1327 1329 1334 1337 1335 1324 1303 1270 1270 1280 1292 1298 1299 1296 1288 1276 1261 1244 1225 1205 1185 1208 1226 1241 1252 1257 1254 1243 1225 1228 1227 1219 1206 1188 1192 1199 1209 1223 1236 1246 1251 1253 1250 1244 1234 1222 1210 1198 1185 1174 1164 -9999 -9999 -9999 -9999 -9999 -9999 -9999 -9999 -9999
-9999 -9999 -9999 -9999 -9999 -9999 -9999 -9999 -9999 -9999 1393 1388 1379 1367 1356 1347 1341 1340 1342 1347 1349 1344 1331 1308 1287 1294 1303 1311 1315 1312 1305 1295 1282 1267 1250 1232 1212 1212 1226 1240 1253 1264 1270 1269 1260 1243 1245 1241 1231 1217 1201 1208 1216 1216 1231 1246 1257 1264 1265 1262 1255 1246 1235 1224 1212 1200 1188 -9999 -9999 -9999 -9999 -9999 -9999 -9999 -9999 -9999 -9999
-9999 -9999 -9999 -9999 -9999 -9999 -9999 -9999 -9999 -9999 1397 1395 1388 1377 1366 1358 1353 1352 1355 1359 1360 1354 1336 1307 1307 1315 1323 1328 1328 1323 1313 1301 1287 1272 1257 1241 1226 1232 1242 1253 1265 1275 1282 1284 1280 1275 1264 1255 1242 1226 1214 1221 1228 1235 1235 1255 1268 1275 1277 1274 1267 1259 1249 1239 1228 1217 -9999 -9999 -9999 -9999 -9999 -9999 -9999 -9999 -9999 -9999 -9999
-9999 -9999 -9999 -9999 -9999 -9999 -9999 -9999 -9999 -9999 -9999 1400 1395 1386 1377 1370 1365 1365 1368 1371 1372 1364 1347 1327 1331 1335 1340 1342 1339 1332 1321 1307 1293 1278 1263 1249 1239 1248 1257 1267 1277 1287 1294 1296 1294 1288 1279 1268 1252 1229 1229 1235 1240 1246 1249 1267 1279 1286 1288 1285 1279 1271 1263 1255 1246 -9999 -9999 -9999 -9999 -9999 -9999 -9999 -9999 -9999 -9999 -9999 -9999
-9999 -9999 -9999 -9999 -9999 -9999 -9999 -9999 -9999 -9999 -9999 1403 1401 1396 1388 1382 1378 1378 1380 1384 1384 1376 1354 1354 1354 1354 1355 1354 1349 1340 1327 1313 1298 1283 1267 1255 1255 1263 1271 1280 1289 1298 1304 1308 1307 1301 1292 1280 1263 1244 1246 1249 1254 1259 1264 1283 1290 1297 1300 1298 1292 1285 1279 1272 -9999 -9999 -9999 -9999 -9999 -9999 -9999 -9999 -9999 -9999 -9999 -9999 -9999
-9999 -9999 -9999 -9999 -9999 -9999 -9999 -9999 -9999 -9999 -9999 -9999 1406 1404 1399 1394 1391 1391 1394 1397 1398 1394 1384 1379 1375 1372 1369 1365 1358 1346 1333 1318 1304 1289 1267 1267 1274 1280 1286 1293 1302 1309 1315 1318 1317 1312 1303 1291 1276 1259 1261 1264 1269 1274 1279 1283 1297 1307 1312 1311 1306 1300 1295 -9999 -9999 -9999 -9999 -9999 -9999 -9999 -9999 -9999 -9999 -9999 -9999 -9999 -9999
-9999 -9999 -9999 -9999 -9999 -9999 -9999 -9999 -9999 -9999 -9999 -9999 -9999 1410 1409 1405 1403 1403 1407 1410 1412 1411 1405 1400 1394 1388 1382 1375 1365 1352 1337 1322 1309 1300 1279 1287 1293 1297 1301 1307 1314 1321 1325 1328 1326 1321 1313 1301 1288 1276 1276 1279 1284 1290 1295 1295 1306 1318 1325 1325 1320 1315 1311 -9999 -9999 -9999 -9999 -9999 -9999 -9999 -9999 -9999 -9999 -9999 -9999 -9999 -9999
-9999 -9999 -9999 -9999 -9999 -9999 -9999 -9999 -9999 -9999 -9999 -9999 -9999 1416 1416 1415 1413 1415 1418 1422 1425 1425 1421 1416 1409 1402 1394 1383 1371 1356 1341 1324 1311 1291 1299 1308 1314 1315 1317 1322 1327 1333 1336 1337 1335 1330 1321 1310 1298 1285 1289 1294 1300 1307 1313 1317 1322 1333 1340 1340 1335 1330 1327 -9999 -9999 -9999 -9999 -9999 -9999 -9999 -9999 -9999 -9999 -9999 -9999 -9999 -9999
-9999 -9999 -9999 -9999 -9999 -9999 -9999 -9999 -9999 -9999 -9999 -9999 -9999 -9999 1422 1422 1422 1424 1428 1433 1436 1437 1434 1429 1422 1413 1403 1390 1375 1360 1344 1321 1311 1306 1317 1328 1332 1332 1333 1336 1340 1345 1347 1347 1344 1338 1330 1319 1307 1294 1302 1309 1317 1325 1332 1336 1337 1349 1356 1356 1351 1346 1342 -9999 -9999 -9999 -9999 -9999 -9999 -9999 -9999 -9999 -9999 -9999 -9999 -9999 -9999
-9999 -9999 -9999 -9999 -9999 -9999 -9999 -9999 -9999 -9999 -9999 -9999 -9999 -9999 -9999 1427 1429 1432 1437 1443 1447 1448 1445 1440 1432 1422 1409 1394 1377 1361 1354 1336 1326 1315 1332 1344 1348 1347 1346 1348 1353 1357 1359 1358 1353 1347 1338 1329 1319 1308 1316 1324 1333 1343 1350 1354 1353 1366 1373 1372 1367 1361 1358 -9999 -9999 -9999 -9999 -9999 -9999 -9999 -9999 -9999 -9999 -9999 -9999 -9999 -9999
-9999 -9999 -9999 -9999 -9999 -9999 -9999 -9999 -9999 -9999 -9999 -9999 -9999 -9999 -9999 -9999 -9999 1437 1444 1451 1455 1456 1453 1447 1439 1427 1413 1396 1375 1354 1354 1351 1343 1330 1346 1357 1360 1359 1358 1360 1364 1368 1370 1368 1363 1356 1348 1339 1329 1323 1331 1339 1349 1359 1368 1373 1376 1385 1391 1389 1383 1377 1374 -9999 -9999 -9999 -9999 -9999 -9999 -9999 -9999 -9999 -9999 -9999 -9999 -9999 -9999
-9999 -9999 -9999 -9999 -9999 -9999 -9999 -9999 -9999 -9999 -9999 -9999 -9999 -9999 -9999 -9999 -9999 -9999 -9999 -9999 1460 1461 1458 1452 1443 1431 1417 1398 1372 1372 1372 1370 1362 1349 1360 1368 1370 1369 1368 1370 1375 1379 1381 1379 1374 1366 1358 1349 1337 1337 1346 1354 1364 1375 1385 1392 1399 1404 1407 1404 1398 1392 1390 -9999 -9999 -9999 -9999 -9999 -9999 -9999 -9999 -9999 -9999 -9999 -9999 -9999 -9999
-9999 -9999 -9999 -9999 -9999 -9999 -9999 -9999 -9999 -9999 -9999 -9999 -9999 -9999 -9999 -9999 -9999 -9999 -9999 -9999 -9999 -9999 1459 1453 1445 1435 1422 1407 1397 1394 1394 1390 1382 1368 1375 1378 1379 1378 1378 1381 1386 1390 1392 1390 1384 1377 1369 1360 1350 1354 1361 1368 1378 1389 1399 1408 1415 1420 1421 1417 1411 1406 1403 -9999 -9999 -9999 -9999 -9999 -9999 -9999 -9999 -9999 -9999 -9999 -9999 -9999 -9999
-9999 -9999 -9999 -9999 -9999 -9999 -9999 -9999 -9999 -9999 -9999 -9999 -9999 -9999 -9999 -9999 -9999 -9999 -9999 -9999 -9999 -9999 -9999 1452 1445 1437 1426 1412 1412 1412 1412 1409 1402 1394 1391 1390 1389 1388 1389 1392 1396 1401 1402 1400 1395 1388 1381 1373 1364 1370 1375 1382 1391 1402 1412 1422 1430 1434 1433 1429 1422 1417 1413 -9999 -9999 -9999 -9999 -9999 -9999 -9999 -9999 -9999 -9999 -9999 -9999 -9999 -9999
-9999 -9999 -9999 -9999 -9999 -9999 -9999 -9999 -9999 -9999 -9999 -9999 -9999 -9999 -9999 -9999 -9999 -9999 -9999 -9999 -9999 -9999 -9999 -9999 -9999 1439 1432 1426 1426 1428 1429 1426 1420 1412 1407 1403 1401 1400 1400 1403 1407 1411 1412 1411 1406 1399 1393 1388 1384 1385 1389 1395 1403 1413 1424 1434 1441 1444 1443 1438 1431 1425 -9999 -9999 -9999 -9999 -9999 -9999 -9999 -9999 -9999 -9999 -9999 -9999 -9999 -9999 -9999
-9999 -9999 -9999 -9999 -9999 -9999 -9999 -9999 -9999 -9999 -9999 -9999 -9999 -9999 -9999 -9999 -9999 -9999 -9999 -9999 -9999 -9999 -9999 -9999 -9999 -9999 1436 1436 1439 1441 1442 1440 1435 1428 1421 1416 1413 1412 1412 1415 1419 1422 1423 1421 1416 1411 1405 1401 1399 1400 1403 1408 1415 1424 1433 1443 1449 1452 1450 1444 1437 -9999 -9999 -9999 -9999 -9999 -9999 -9999 -9999 -9999 -9999 -9999 -9999 -9999 -9999 -9999 -9999
-9999 -9999 -9999 -9999 -9999 -9999 -9999 -9999 -9999 -9999 -9999 -9999 -9999 -9999 -9999 -9999 -9999 -9999 -9999 -9999 -9999 -9999 -9999 -9999 -9999 -9999 -9999 -9999 -9999 1450 1453 1451 1447 1440 1433 1428 1424 1423 1424 1427 1430 1432 1432 1430 1426 1421 1417 1414 1412 1413 1416 1420 1426 1434 1442 1450 1456 1457 1454 1448 -9999 -9999 -9999 -9999 -9999 -9999 -9999 -9999 -9999 -9999 -9999 -9999 -9999 -9999 -9999 -9999 -9999
