data/PosinaDailyOneYear/22/sky_22_rid.asc
ncols        16
nrows        16
xllcorner    1675520.000000000000
yllcorner    5076940.000000000000
cellsize     20.000000000000
NODATA_value  -9999
 0.86066770553588867188 0.85660332441329956055 0.86177718639373779297 0.85909825563430786133 0.85879784822463989258 0.8581250309944152832 0.85686582326889038086 0.86234635114669799805 0.84746921062469482422 0.85782539844512939453 0.84953683614730834961 0.85111093521118164062 0.85654520988464355469 0.8679625391960144043 0.86828845739364624023 0.87739711999893188477
 0.86950945854187011719 0.86118876934051513672 0.86318665742874145508 0.85629236698150634766 0.8538659214973449707 0.86133724451065063477 0.86082506179809570312 0.8695074915885925293 0.85457032918930053711 0.86187231540679931641 0.85556036233901977539 0.85093516111373901367 0.85926419496536254883 0.878147125244140625 0.87903845310211181641 0.88588958978652954102
 0.88364034891128540039 0.87423348426818847656 0.87320053577423095703 0.86731439828872680664 0.86503750085830688477 0.87283301353454589844 0.86987125873565673828 0.88186627626419067383 0.87229049205780029297 0.87914675474166870117 0.87622737884521484375 0.87526118755340576172 0.87633979320526123047 0.88556313514709472656 0.88644737005233764648 0.88859009742736816406
 0.88677227497100830078 0.88068288564682006836 0.88314950466156005859 0.87634903192520141602 0.87384557723999023438 0.88047087192535400391 0.87848573923110961914 0.88631814718246459961 0.87985020875930786133 0.89003378152847290039 0.8870512843132019043 0.88648575544357299805 0.88604116439819335938 0.89181476831436157227 0.88793468475341796875 0.89177870750427246094
 0.89523148536682128906 0.89202749729156494141 0.88916379213333129883 0.884693145751953125 0.88404548168182373047 0.88800257444381713867 0.88508230447769165039 0.8943328857421875 0.88798445463180541992 0.89237415790557861328 0.89018452167510986328 0.88601785898208618164 0.8880417943000793457 0.89267492294311523438 0.89022278785705566406 0.89366841316223144531
 0.89740288257598876953 0.897335052490234375 0.89353144168853759766 0.89259123802185058594 0.89164328575134277344 0.89725226163864135742 0.89515697956085205078 0.9001782536506652832 0.89296555519104003906 0.895877838134765625 0.89612537622451782227 0.89254850149154663086 0.89459246397018432617 0.89553284645080566406 0.89046335220336914062 0.89126068353652954102
 0.89798784255981445312 0.89904123544692993164 0.89959377050399780273 0.89271962642669677734 0.89700853824615478516 0.90019834041595458984 0.89805573225021362305 0.90253889560699462891 0.89664220809936523438 0.8986065983772277832 0.89587622880935668945 0.89216935634613037109 0.89480572938919067383 0.89565688371658325195 0.89314430952072143555 0.89591890573501586914
 0.89806205034255981445 0.9012470245361328125 0.89923822879791259766 0.89913725852966308594 0.9003512263298034668 0.90297782421112060547 0.89700394868850708008 0.89780265092849731445 0.88771647214889526367 0.89088475704193115234 0.89303660392761230469 0.88962483406066894531 0.8930606842041015625 0.89698427915573120117 0.89572703838348388672 0.89689880609512329102
 0.89928615093231201172 0.90055978298187255859 0.90180051326751708984 0.90351480245590209961 0.90468043088912963867 0.90532135963439941406 0.90219247341156005859 0.90329289436340332031 0.89755475521087646484 0.89900112152099609375 0.89898824691772460938 0.89310175180435180664 0.89452320337295532227 0.8979358673095703125 0.89547520875930786133 0.89794784784317016602
 0.89968580007553100586 0.90332365036010742188 0.90386486053466796875 0.90518689155578613281 0.90543025732040405273 0.90555536746978759766 0.90255951881408691406 0.90412026643753051758 0.90130257606506347656 0.90070289373397827148 0.89852011203765869141 0.89440101385116577148 0.89666265249252319336 0.89913439750671386719 0.89711821079254150391 0.89948570728302001953
 0.89914691448211669922 0.9033305048942565918 0.90468555688858032227 0.9047825932502746582 0.90573209524154663086 0.90551966428756713867 0.90241700410842895508 0.90354686975479125977 0.89654952287673950195 0.89846563339233398438 0.89679521322250366211 0.89201933145523071289 0.8952401280403137207 0.89975076913833618164 0.89700973033905029297 0.90029329061508178711
 0.89975321292877197266 0.90337860584259033203 0.90446758270263671875 0.90528529882431030273 0.90505433082580566406 0.90508043766021728516 0.90254688262939453125 0.90441077947616577148 0.90055763721466064453 0.90201389789581298828 0.90000051259994506836 0.89330595731735229492 0.89532148838043212891 0.89924079179763793945 0.89948940277099609375 0.90141648054122924805
 0.89911299943923950195 0.90260636806488037109 0.90430063009262084961 0.9057833552360534668 0.90448659658432006836 0.90462607145309448242 0.90046447515487670898 0.90086656808853149414 0.89751094579696655273 0.8972098231315612793 0.89416772127151489258 0.88946920633316040039 0.89554846286773681641 0.8981234431266784668 0.89777421951293945312 0.89940428733825683594
 0.89970648288726806641 0.90218365192413330078 0.90389502048492431641 0.90437299013137817383 0.90533661842346191406 0.90418428182601928711 0.90270251035690307617 0.90275949239730834961 0.90031361579895019531 0.90190941095352172852 0.89632195234298706055 0.89061212539672851562 0.89426660537719726562 0.89885723590850830078 0.89467805624008178711 0.9011452794075012207
 0.89835160970687866211 0.89989936351776123047 0.90224742889404296875 0.90273928642272949219 0.90179932117462158203 0.90332800149917602539 0.90307247638702392578 0.90298420190811157227 0.89732980728149414062 0.89638763666152954102 0.89136773347854614258 0.88547652959823608398 0.88917917013168334961 0.89684367179870605469 0.89518058300018310547 0.8999652862548828125
 0.8943774104118347168 0.89728546142578125 0.90020674467086791992 0.90141898393630981445 0.90128570795059204102 0.90281599760055541992 0.90248048305511474609 0.90254765748977661133 0.90046364068984985352 0.90070009231567382812 0.89495366811752319336 0.89004766941070556641 0.89458793401718139648 0.89781093597412109375 0.89881139993667602539 0.90330237150192260742
