data/PosinaDailyOneYear/19/dem_19_rid.asc
ncols        17
nrows        21
xllcorner    1679300.000000000000
yllcorner    5079140.000000000000
cellsize     20.000000000000
NODATA_value  -9999
 928 918 909 897 883 871 857 837 837 851 861 870 877 884 890 896 900
 931 921 910 895 872 863 854 839 826 834 844 854 863 871 878 884 887
 936 926 916 902 883 863 855 838 815 815 825 838 849 858 865 871 875
 943 933 922 910 895 878 861 838 821 803 803 822 835 845 852 858 861
 949 939 928 917 904 888 871 850 830 811 795 810 822 832 839 844 848
 953 941 931 920 908 895 878 858 836 813 787 799 809 818 824 830 833
 952 941 930 920 909 897 881 862 840 815 787 788 795 802 809 814 818
 948 936 926 916 906 895 881 864 843 819 793 771 780 786 792 797 801
 941 929 919 909 900 890 878 862 843 820 795 767 767 768 774 779 784
 932 921 910 900 892 882 872 858 841 821 799 775 754 746 755 761 766
 923 911 900 891 882 873 863 852 837 820 801 780 760 738 738 743 746
 913 901 890 880 871 863 854 844 832 817 801 783 766 749 738 728 721
 902 891 880 869 860 851 843 834 824 812 798 783 768 755 743 733 721
 891 880 868 858 847 837 829 822 814 804 792 780 767 756 747 737 727
 880 868 857 845 833 821 810 809 802 794 785 774 763 755 748 741 731
 890 879 868 857 844 830 810 800 789 783 778 765 756 751 747 745 732
 901 890 879 868 857 845 831 819 808 798 789 778 769 761 754 745 732
 911 900 890 880 870 859 847 835 823 812 800 789 779 770 762 752 741
 921 910 900 890 880 870 859 847 835 822 810 799 788 778 769 758 747
 930 919 908 898 888 877 866 854 842 829 817 805 795 784 774 763 751
 937 925 913 903 892 881 869 857 845 833 821 809 799 788 777 766 755
