data/PosinaDailyOneYear/19/sky_19_rid.asc
ncols        17
nrows        21
xllcorner    1679300.000000000000
yllcorner    5079140.000000000000
cellsize     20.000000000000
NODATA_value  -9999
 0.75685179233551025391 0.76281148195266723633 0.76797473430633544922 0.76419717073440551758 0.75014895200729370117 0.74485492706298828125 0.72002273797988891602 0.66200494766235351562 0.65646731853485107422 0.71724724769592285156 0.7433579564094543457 0.76964932680130004883 0.77606469392776489258 0.79398542642593383789 0.79309237003326416016 0.82103925943374633789 0.82484072446823120117
 0.75388777256011962891 0.7611185908317565918 0.76116704940795898438 0.73035573959350585938 0.6402638554573059082 0.70951330661773681641 0.72269523143768310547 0.70584315061569213867 0.66750317811965942383 0.70094990730285644531 0.72487741708755493164 0.75022202730178833008 0.76616072654724121094 0.7871729731559753418 0.79245889186859130859 0.82124942541122436523 0.82723838090896606445
 0.7688071131706237793 0.77745711803436279297 0.77587729692459106445 0.74608278274536132812 0.70955395698547363281 0.69025468826293945312 0.72259300947189331055 0.70336228609085083008 0.62765103578567504883 0.67063891887664794922 0.69704985618591308594 0.72400891780853271484 0.75428617000579833984 0.78112190961837768555 0.78521293401718139648 0.81765389442443847656 0.82956784963607788086
 0.77497881650924682617 0.78679060935974121094 0.78275781869888305664 0.76510983705520629883 0.73374372720718383789 0.71663963794708251953 0.70323199033737182617 0.65856325626373291016 0.66841638088226318359 0.63074082136154174805 0.62424522638320922852 0.70427775382995605469 0.74241298437118530273 0.77639043331146240234 0.77974033355712890625 0.81315881013870239258 0.82030630111694335938
 0.79891693592071533203 0.80843514204025268555 0.81095689535140991211 0.80151998996734619141 0.78243875503540039062 0.7539164423942565918 0.72373521327972412109 0.69562828540802001953 0.68833750486373901367 0.69137841463088989258 0.65716212987899780273 0.70557153224945068359 0.73771649599075317383 0.77063316106796264648 0.77722710371017456055 0.80984997749328613281 0.82291960716247558594
 0.83328807353973388672 0.83583480119705200195 0.83578848838806152344 0.83250129222869873047 0.82080787420272827148 0.79967492818832397461 0.76651722192764282227 0.73552042245864868164 0.71787309646606445312 0.69814926385879516602 0.64125853776931762695 0.72197186946868896484 0.74077856540679931641 0.76502048969268798828 0.76351082324981689453 0.79962581396102905273 0.80942142009735107422
 0.8360684514045715332 0.84061092138290405273 0.84003579616546630859 0.84006470441818237305 0.83812099695205688477 0.82410979270935058594 0.7860495448112487793 0.74711930751800537109 0.7143542170524597168 0.67404389381408691406 0.62879002094268798828 0.71433252096176147461 0.73106819391250610352 0.74934154748916625977 0.75494605302810668945 0.78642064332962036133 0.79854846000671386719
 0.82630741596221923828 0.83008539676666259766 0.83192819356918334961 0.83341234922409057617 0.83220994472503662109 0.82937598228454589844 0.80284708738327026367 0.76143532991409301758 0.72013306617736816406 0.68409168720245361328 0.6700687408447265625 0.63639360666275024414 0.72305643558502197266 0.73922586441040039062 0.73702251911163330078 0.77046549320220947266 0.78020852804183959961
 0.81775927543640136719 0.81806403398513793945 0.82367241382598876953 0.82391953468322753906 0.82701146602630615234 0.82552152872085571289 0.81748211383819580078 0.78018450736999511719 0.73793739080429077148 0.69824135303497314453 0.6672579646110534668 0.61939764022827148438 0.71725636720657348633 0.72087359428405761719 0.72204160690307617188 0.75716572999954223633 0.7683722376823425293
 0.80724626779556274414 0.81150078773498535156 0.81487303972244262695 0.81423836946487426758 0.81821906566619873047 0.81910824775695800781 0.81368392705917358398 0.7967541813850402832 0.76812070608139038086 0.73493349552154541016 0.70629423856735229492 0.69085127115249633789 0.66880768537521362305 0.65134215354919433594 0.70488715171813964844 0.74333840608596801758 0.7479330897331237793
 0.79851186275482177734 0.79661458730697631836 0.80002695322036743164 0.80458110570907592773 0.8069610595703125 0.80754077434539794922 0.80438518524169921875 0.80177211761474609375 0.78264272212982177734 0.76200896501541137695 0.73944371938705444336 0.71956336498260498047 0.71166008710861206055 0.66819155216217041016 0.6894404292106628418 0.74105405807495117188 0.72260707616806030273
 0.79055988788604736328 0.79078722000122070312 0.7928053736686706543 0.79237651824951171875 0.79352921247482299805 0.80070745944976806641 0.79923212528228759766 0.80084002017974853516 0.79605644941329956055 0.78542858362197875977 0.77306860685348510742 0.75294822454452514648 0.74289667606353759766 0.74193459749221801758 0.73990714550018310547 0.73386031389236450195 0.64970988035202026367
 0.77515262365341186523 0.77559739351272583008 0.7810776829719543457 0.77907347679138183594 0.7811482548713684082 0.78390485048294067383 0.78282314538955688477 0.78761857748031616211 0.78726106882095336914 0.78089439868927001953 0.77830076217651367188 0.77416145801544189453 0.77029645442962646484 0.77426695823669433594 0.77018183469772338867 0.76670795679092407227 0.73759371042251586914
 0.76461040973663330078 0.76488286256790161133 0.76720219850540161133 0.76598846912384033203 0.762969970703125 0.76188963651657104492 0.76222747564315795898 0.77672839164733886719 0.78274393081665039062 0.77922385931015014648 0.77785438299179077148 0.78028512001037597656 0.77812981605529785156 0.78104788064956665039 0.78086960315704345703 0.77914100885391235352 0.77357816696166992188
 0.73570197820663452148 0.72520607709884643555 0.73482912778854370117 0.71507483720779418945 0.70347946882247924805 0.70930010080337524414 0.69207876920700073242 0.76035338640213012695 0.76693075895309448242 0.77169036865234375 0.77566313743591308594 0.7790699005126953125 0.77816861867904663086 0.78165161609649658203 0.78491497039794921875 0.78523141145706176758 0.77785152196884155273
 0.75027024745941162109 0.74588060379028320312 0.75454723834991455078 0.74641054868698120117 0.72800099849700927734 0.72490018606185913086 0.65627974271774291992 0.68620032072067260742 0.67941433191299438477 0.70867967605590820312 0.75109374523162841797 0.72423762083053588867 0.73285806179046630859 0.76377069950103759766 0.77993130683898925781 0.79221236705780029297 0.78216278553009033203
 0.77089583873748779297 0.76697814464569091797 0.77135664224624633789 0.75783026218414306641 0.74657171964645385742 0.73700261116027832031 0.71581578254699707031 0.71755427122116088867 0.72499710321426391602 0.73864060640335083008 0.75974756479263305664 0.7586142420768737793 0.77112084627151489258 0.78416222333908081055 0.78971618413925170898 0.78432923555374145508 0.77141529321670532227
 0.79001730680465698242 0.78447133302688598633 0.7921543121337890625 0.78614258766174316406 0.78165239095687866211 0.77599799633026123047 0.7624308466911315918 0.76619863510131835938 0.76743322610855102539 0.77095019817352294922 0.77559173107147216797 0.78219133615493774414 0.78975927829742431641 0.79723984003067016602 0.79892361164093017578 0.79638969898223876953 0.7909488677978515625
 0.79421913623809814453 0.79287236928939819336 0.80488950014114379883 0.80500131845474243164 0.80356872081756591797 0.80812078714370727539 0.79984176158905029297 0.79907840490341186523 0.79557496309280395508 0.78778702020645141602 0.79073351621627807617 0.79639196395874023438 0.7980034947395324707 0.79736524820327758789 0.80184692144393920898 0.79827201366424560547 0.79342418909072875977
 0.82013118267059326172 0.82250684499740600586 0.83245444297790527344 0.83575427532196044922 0.83541053533554077148 0.83580094575881958008 0.8309987187385559082 0.82998287677764892578 0.82498842477798461914 0.81737416982650756836 0.81579828262329101562 0.81530642509460449219 0.81639784574508666992 0.81188756227493286133 0.81091570854187011719 0.80974721908569335938 0.8014824986457824707
 0.82921552658081054688 0.83014178276062011719 0.83500468730926513672 0.84279686212539672852 0.83965116739273071289 0.83922040462493896484 0.8332011103630065918 0.83128857612609863281 0.8279927372932434082 0.82441335916519165039 0.82257115840911865234 0.81832790374755859375 0.81901597976684570312 0.81531327962875366211 0.81086277961730957031 0.80759978294372558594 0.8011048436164855957
