data/PosinaDailyOneYear/12/dem_12.asc
ncols        675
nrows        650
xllcorner    1669000.000000000000
yllcorner    5070800.000000000000
cellsize     20.000000000000
NODATA_value  -9999
[rows 204 to 237 of 650, columns 539 to 615 of 675]
-9999 -9999 -9999 -9999 -9999 -9999 -9999 994 985 975 962 948 933 918 903 888 873 857 841 824 808 792 778 765 755 746 737 728 718 707 693 678 661 641 617 591 599 607 616 625 632 640 647 656 665 675 686 698 710 722 735 748 762 778 796 815 834 853 871 890 907 924 941 957 975 994 1012 1030 1045 1059 1068 1075 1078 1081 1083 1085 1087
-9999 -9999 -9999 -9999 -9999 -9999 -9999 -9999 979 970 959 945 931 916 901 886 871 855 840 824 810 796 783 772 762 753 744 735 725 714 701 686 668 646 619 588 593 601 609 617 625 632 640 648 657 667 677 689 701 714 728 741 755 771 789 807 827 847 867 887 906 923 939 955 972 989 1006 1021 1035 1045 1053 1059 1062 1066 1070 1074 1078
-9999 -9999 -9999 -9999 -9999 -9999 -9999 -9999 971 964 954 942 929 914 899 885 871 856 842 828 814 802 790 779 769 760 751 741 731 720 707 693 674 651 623 586 585 593 601 610 617 625 632 640 649 659 670 681 694 707 720 733 747 763 779 798 817 838 860 882 903 921 938 953 969 984 999 1012 1022 1029 1035 1039 1043 1048 1054 1060 1068
-9999 -9999 -9999 -9999 -9999 -9999 -9999 -9999 -9999 956 949 938 926 912 898 885 871 858 846 833 821 809 797 786 775 766 756 746 736 725 713 698 680 659 634 607 584 584 592 601 609 617 624 632 642 652 662 674 686 698 711 724 738 753 770 787 807 829 853 877 900 920 936 952 966 979 991 1000 1007 1012 1015 1019 1024 1031 1038 1047 1057
-9999 -9999 -9999 -9999 -9999 -9999 -9999 -9999 -9999 -9999 941 933 922 910 897 885 873 862 850 839 828 816 805 793 782 771 761 751 740 729 717 703 686 666 644 622 601 583 582 593 601 608 615 624 633 644 655 666 677 689 701 714 728 744 760 777 797 819 845 872 897 917 935 949 962 974 982 988 991 993 995 998 1006 1015 1025 1037 1049
-9999 -9999 -9999 -9999 -9999 -9999 -9999 -9999 -9999 -9999 -9999 926 918 908 897 887 876 866 856 846 835 824 813 801 789 777 766 756 745 733 721 707 691 673 653 634 614 596 582 587 593 598 605 614 624 636 647 658 669 680 692 706 720 736 752 769 789 812 839 867 893 915 932 946 958 967 972 975 975 974 973 975 990 1004 1016 1030 1045
-9999 -9999 -9999 -9999 -9999 -9999 -9999 -9999 -9999 -9999 -9999 -9999 913 906 897 888 880 871 862 852 843 832 821 809 796 784 772 761 750 738 725 711 696 679 662 643 625 605 581 581 585 587 591 602 614 627 639 650 661 673 685 699 714 730 746 764 783 807 834 863 890 911 929 942 952 959 961 960 957 953 950 955 980 996 1011 1026 1042
-9999 -9999 -9999 -9999 -9999 -9999 -9999 -9999 -9999 -9999 -9999 -9999 -9999 902 897 890 884 876 869 860 851 841 829 817 804 791 779 766 755 742 730 716 701 686 669 653 635 617 598 580 579 575 571 587 603 618 631 643 655 667 681 695 711 727 743 761 780 804 831 859 885 907 923 936 944 948 948 944 939 930 950 961 978 995 1010 1025 1041
-9999 -9999 -9999 -9999 -9999 -9999 -9999 -9999 -9999 -9999 -9999 -9999 -9999 -9999 895 892 887 882 876 869 860 850 838 825 811 798 784 772 759 747 734 720 706 692 677 661 645 628 612 597 588 579 571 571 593 610 625 638 651 665 679 694 709 725 742 759 779 802 828 855 880 901 916 927 933 935 932 926 925 925 946 963 980 996 1011 1026 1042
-9999 -9999 -9999 -9999 -9999 -9999 -9999 -9999 -9999 -9999 -9999 -9999 -9999 -9999 -9999 892 890 888 884 878 871 860 848 834 819 804 789 776 763 751 738 724 710 697 682 668 652 637 621 607 594 582 571 568 588 606 622 637 651 665 679 694 710 725 742 759 778 800 825 851 874 893 907 917 921 921 916 900 910 929 948 966 984 1000 1015 1029 1044
-9999 -9999 -9999 -9999 -9999 -9999 -9999 -9999 -9999 -9999 -9999 -9999 -9999 -9999 -9999 -9999 -9999 891 889 886 880 870 857 841 825 809 794 780 767 754 741 728 715 701 687 672 657 641 625 610 595 579 564 564 587 606 622 637 652 666 681 696 711 726 742 759 778 799 822 846 867 884 897 904 907 907 910 910 918 933 952 971 990 1006 1021 1034 1048
-9999 -9999 -9999 -9999 -9999 -9999 -9999 -9999 -9999 -9999 -9999 -9999 -9999 -9999 -9999 -9999 -9999 -9999 -9999 889 885 876 863 847 830 813 798 783 770 757 745 732 719 706 691 675 659 642 626 609 590 572 561 572 590 608 624 639 654 668 683 698 713 727 743 759 777 797 819 840 859 874 885 890 890 886 879 900 917 936 957 978 998 1015 1028 1041 1053
-9999 -9999 -9999 -9999 -9999 -9999 -9999 -9999 -9999 -9999 -9999 -9999 -9999 -9999 -9999 -9999 -9999 -9999 -9999 -9999 885 877 865 850 833 817 801 787 773 760 748 737 724 710 694 677 660 642 624 604 583 556 556 575 593 610 626 641 656 670 685 699 714 728 743 759 776 795 815 834 851 863 871 874 872 866 866 894 917 940 963 987 1007 1024 1037 1048 1058
-9999 -9999 -9999 -9999 -9999 -9999 -9999 -9999 -9999 -9999 -9999 -9999 -9999 -9999 -9999 -9999 -9999 -9999 -9999 -9999 -9999 -9999 863 850 834 819 804 790 776 764 753 742 729 715 697 679 660 640 621 600 577 552 563 580 597 613 629 643 657 671 685 700 714 728 743 758 775 793 811 828 842 851 856 856 853 853 869 894 919 944 970 995 1016 1032 1045 1055 1064
-9999 -9999 -9999 -9999 -9999 -9999 -9999 -9999 -9999 -9999 -9999 -9999 -9999 -9999 -9999 -9999 -9999 -9999 -9999 -9999 -9999 -9999 -9999 846 833 819 805 792 779 767 756 746 733 718 699 679 659 639 618 597 574 549 565 582 599 615 630 644 658 671 685 699 713 727 742 757 773 790 806 821 832 838 840 836 827 827 864 894 922 949 977 1002 1023 1040 1052 1061 1068
-9999 -9999 -9999 -9999 -9999 -9999 -9999 -9999 -9999 -9999 -9999 -9999 -9999 -9999 -9999 -9999 -9999 -9999 -9999 -9999 -9999 -9999 -9999 -9999 829 816 804 792 779 768 758 748 735 718 699 678 657 637 616 594 572 548 565 583 600 616 631 644 657 670 683 697 711 726 740 755 770 786 801 813 821 824 823 817 805 832 864 895 924 953 982 1008 1029 1045 1057 1066 1072
-9999 -9999 -9999 -9999 -9999 -9999 -9999 -9999 -9999 -9999 -9999 -9999 -9999 -9999 -9999 -9999 -9999 -9999 -9999 -9999 -9999 -9999 -9999 -9999 -9999 810 800 789 778 768 758 748 734 717 697 676 655 634 614 592 570 546 564 582 600 616 630 643 656 668 681 695 709 724 738 753 768 782 794 804 809 809 806 802 802 833 864 896 926 957 986 1011 1032 1048 1060 1068 -9999
-9999 -9999 -9999 -9999 -9999 -9999 -9999 -9999 -9999 -9999 -9999 -9999 -9999 -9999 -9999 -9999 -9999 -9999 -9999 -9999 -9999 -9999 -9999 -9999 -9999 -9999 792 783 774 764 755 744 730 712 693 672 652 631 611 590 567 544 562 580 598 614 628 641 654 666 679 693 707 722 736 750 764 777 787 793 795 793 786 786 807 834 864 895 927 958 988 1013 1033 1049 1061 1069 -9999
-9999 -9999 -9999 -9999 -9999 -9999 -9999 -9999 -9999 -9999 -9999 -9999 -9999 -9999 -9999 -9999 -9999 -9999 -9999 -9999 -9999 -9999 -9999 -9999 -9999 -9999 -9999 775 767 759 750 739 724 707 688 668 648 628 608 587 564 540 557 576 595 611 626 639 652 665 678 691 705 720 734 748 760 770 778 782 782 778 771 786 806 831 860 892 925 957 988 1013 1033 1049 1061 1069 -9999
-9999 -9999 -9999 -9999 -9999 -9999 -9999 -9999 -9999 -9999 -9999 -9999 -9999 -9999 -9999 -9999 -9999 -9999 -9999 -9999 -9999 -9999 -9999 -9999 -9999 -9999 -9999 -9999 759 752 744 733 719 703 685 665 645 625 604 584 562 538 551 571 590 608 624 638 651 665 678 691 705 719 733 745 755 763 768 770 769 765 761 780 801 825 853 885 919 953 985 1011 1032 1048 1060 1068 -9999
-9999 -9999 -9999 -9999 -9999 -9999 -9999 -9999 -9999 -9999 -9999 -9999 -9999 -9999 -9999 -9999 -9999 -9999 -9999 -9999 -9999 -9999 -9999 -9999 -9999 -9999 -9999 -9999 -9999 746 738 728 715 700 683 664 644 623 602 582 560 536 536 563 586 605 622 638 652 666 679 693 707 720 731 741 749 754 757 758 756 752 752 773 794 817 845 876 911 947 980 1007 1028 1045 1058 1067 -9999
-9999 -9999 -9999 -9999 -9999 -9999 -9999 -9999 -9999 -9999 -9999 -9999 -9999 -9999 -9999 -9999 -9999 -9999 -9999 -9999 -9999 -9999 -9999 -9999 -9999 -9999 -9999 -9999 -9999 740 734 725 714 700 683 664 644 623 602 582 563 545 534 560 583 604 621 637 652 667 681 694 707 719 728 736 741 744 746 746 744 742 752 768 787 809 836 867 902 939 972 1001 1024 1041 1055 1064 -9999
-9999 -9999 -9999 -9999 -9999 -9999 -9999 -9999 -9999 -9999 -9999 -9999 -9999 -9999 -9999 -9999 -9999 -9999 -9999 -9999 -9999 -9999 -9999 -9999 -9999 -9999 -9999 -9999 -9999 -9999 730 724 713 700 684 666 645 624 603 584 565 548 533 558 582 602 620 636 651 666 680 694 705 715 723 728 732 733 733 733 732 730 746 762 781 802 827 858 892 928 963 992 1017 1036 1051 1061 -9999
-9999 -9999 -9999 -9999 -9999 -9999 -9999 -9999 -9999 -9999 -9999 -9999 -9999 -9999 -9999 -9999 -9999 -9999 -9999 -9999 -9999 -9999 -9999 -9999 -9999 -9999 -9999 -9999 -9999 -9999 726 721 713 701 685 667 647 626 605 586 568 549 531 556 579 600 618 634 648 663 677 689 700 709 715 718 720 720 720 720 720 723 739 757 775 796 820 849 882 916 951 982 1009 1030 1046 1058 -9999
-9999 -9999 -9999 -9999 -9999 -9999 -9999 -9999 -9999 -9999 -9999 -9999 -9999 -9999 -9999 -9999 -9999 -9999 -9999 -9999 -9999 -9999 -9999 -9999 -9999 -9999 -9999 -9999 -9999 -9999 -9999 717 710 699 685 668 648 628 608 589 570 551 530 553 576 597 614 629 643 657 670 682 692 699 704 706 707 706 706 707 706 706 732 752 771 791 814 841 871 903 937 970 999 1023 1041 1054 1063
-9999 -9999 -9999 -9999 -9999 -9999 -9999 -9999 -9999 -9999 -9999 -9999 -9999 -9999 -9999 -9999 -9999 -9999 -9999 -9999 -9999 -9999 -9999 -9999 -9999 -9999 -9999 -9999 -9999 -9999 -9999 -9999 705 696 683 667 649 629 611 592 573 552 529 550 572 592 609 624 637 649 661 671 680 687 691 692 692 692 692 696 696 713 733 751 768 787 808 832 860 890 923 957 989 1015 1035 1050 1060
-9999 -9999 -9999 -9999 -9999 -9999 -9999 -9999 -9999 -9999 -9999 -9999 -9999 -9999 -9999 -9999 -9999 -9999 -9999 -9999 -9999 -9999 -9999 -9999 -9999 -9999 -9999 -9999 -9999 -9999 -9999 -9999 -9999 691 680 665 648 631 613 595 575 552 526 545 566 586 603 617 629 640 650 660 668 673 677 678 678 676 674 686 701 717 734 750 767 784 803 825 850 877 910 944 978 1007 1029 1045 1057
-9999 -9999 -9999 -9999 -9999 -9999 -9999 -9999 -9999 -9999 -9999 -9999 -9999 -9999 -9999 -9999 -9999 -9999 -9999 -9999 -9999 -9999 -9999 -9999 -9999 -9999 -9999 -9999 -9999 -9999 -9999 -9999 -9999 683 674 662 647 631 615 597 577 553 525 538 559 579 596 610 621 631 640 648 655 660 663 664 664 661 674 689 704 720 735 751 766 783 800 820 842 868 898 933 967 998 1023 1041 1053
-9999 -9999 -9999 -9999 -9999 -9999 -9999 -9999 -9999 -9999 -9999 -9999 -9999 -9999 -9999 -9999 -9999 -9999 -9999 -9999 -9999 -9999 -9999 -9999 -9999 -9999 -9999 -9999 -9999 -9999 -9999 -9999 -9999 -9999 668 658 646 632 617 600 580 554 521 521 549 572 589 602 612 621 629 636 642 647 650 651 652 661 677 692 707 722 737 752 767 783 800 818 838 862 890 923 957 989 1016 1036 1049
-9999 -9999 -9999 -9999 -9999 -9999 -9999 -9999 -9999 -9999 -9999 -9999 -9999 -9999 -9999 -9999 -9999 -9999 -9999 -9999 -9999 -9999 -9999 -9999 -9999 -9999 -9999 -9999 -9999 -9999 -9999 -9999 -9999 -9999 -9999 654 645 633 619 602 583 560 536 520 544 565 581 593 602 610 617 624 629 635 640 640 640 662 680 696 710 724 739 754 769 785 802 819 839 861 887 917 949 981 1009 1030 1045
-9999 -9999 -9999 -9999 -9999 -9999 -9999 -9999 -9999 -9999 -9999 -9999 -9999 -9999 -9999 -9999 -9999 -9999 -9999 -9999 -9999 -9999 -9999 -9999 -9999 -9999 -9999 -9999 -9999 -9999 -9999 -9999 -9999 -9999 -9999 649 643 633 620 605 586 565 541 518 539 558 573 584 592 599 605 611 615 623 634 634 649 667 684 699 713 727 741 757 773 789 806 824 843 864 887 914 943 974 1001 1024 1040
-9999 -9999 -9999 -9999 -9999 -9999 -9999 -9999 -9999 -9999 -9999 -9999 -9999 -9999 -9999 -9999 -9999 -9999 -9999 -9999 -9999 -9999 -9999 -9999 -9999 -9999 -9999 -9999 -9999 -9999 -9999 -9999 -9999 -9999 -9999 -9999 639 632 621 606 588 567 543 517 535 551 564 574 582 588 592 597 597 606 606 636 656 673 689 703 718 731 746 761 778 795 812 830 850 871 892 914 939 967 993 1016 1034
-9999 -9999 -9999 -9999 -9999 -9999 -9999 -9999 -9999 -9999 -9999 -9999 -9999 -9999 -9999 -9999 -9999 -9999 -9999 -9999 -9999 -9999 -9999 -9999 -9999 -9999 -9999 -9999 -9999 -9999 -9999 -9999 -9999 -9999 -9999 -9999 634 628 619 605 588 567 542 516 531 545 557 566 573 577 579 588 597 616 629 647 664 680 696 710 725 738 753 768 784 801 819 838 859 879 899 917 937 960 985 1007 -9999
-9999 -9999 -9999 -9999 -9999 -9999 -9999 -9999 -9999 -9999 -9999 -9999 -9999 -9999 -9999 -9999 -9999 -9999 -9999 -9999 -9999 -9999 -9999 -9999 -9999 -9999 -9999 -9999 -9999 -9999 -9999 -9999 -9999 -9999 -9999 -9999 -9999 621 614 601 585 565 540 513 527 540 550 558 565 570 579 598 614 630 644 659 675 690 705 720 734 748 762 777 793 810 827 847 867 887 905 921 936 954 975 -9999 -9999
