data/PosinaDailyOneYear/12/dem_12.asc
ncols        675
nrows        650
xllcorner    1669000.000000000000
yllcorner    5070800.000000000000
cellsize     20.000000000000
NODATA_value  -9999
[rows 102 to 135 of 650, columns 539 to 615 of 675]
1204 1206 1208 1208 1209 1208 1206 1202 1198 1192 1186 1179 1172 1165 1158 1153 1147 1142 1137 1145 1153 1158 1163 1166 1169 1171 1174 1175 1177 1177 1177 1175 1174 1171 1168 1164 1161 1158 1156 1155 1152 1149 1145 1140 1136 1134 1136 1139 1143 1145 1146 1146 1145 1143 1142 1141 1140 1138 1137 1137 1137 1139 1140 1142 1144 1145 -9999 -9999 -9999 -9999 -9999 -9999 -9999 -9999 -9999 -9999 -9999
1197 1199 1200 1202 1202 1202 1200 1198 1193 1188 1181 1174 1167 1160 1153 1148 1143 1138 1134 1141 1148 1153 1157 1160 1163 1166 1168 1170 1171 1171 1171 1170 1168 1166 1163 1160 1156 1154 1152 1150 1148 1146 1142 1137 1133 1131 1132 1135 1138 1141 1142 1142 1141 1140 1139 1137 1136 1135 1134 1133 1134 1135 1136 1138 1139 1141 1141 -9999 -9999 -9999 -9999 -9999 -9999 -9999 -9999 -9999 -9999
1190 1191 1193 1195 1196 1196 1195 1193 1189 1183 1176 1169 1162 1155 1149 1143 1138 1134 1130 1137 1143 1148 1152 1155 1157 1160 1162 1164 1165 1165 1165 1164 1162 1161 1158 1155 1152 1149 1147 1145 1143 1141 1138 1134 1130 1127 1127 1130 1134 1137 1138 1138 1137 1136 1135 1134 1133 1131 1130 1130 1130 1131 1132 1133 1135 1136 1138 1139 -9999 -9999 -9999 -9999 -9999 -9999 -9999 -9999 -9999
1183 1184 1186 1188 1189 1190 1190 1188 1184 1179 1172 1165 1157 1150 1144 1139 1134 1130 1126 1132 1138 1142 1146 1149 1151 1154 1156 1157 1158 1158 1157 1157 1156 1154 1153 1150 1147 1144 1142 1140 1138 1136 1134 1131 1127 1124 1123 1126 1129 1133 1134 1135 1134 1133 1132 1130 1129 1128 1127 1126 1126 1127 1128 1129 1130 1132 1134 1136 -9999 -9999 -9999 -9999 -9999 -9999 -9999 -9999 -9999
1176 1178 1179 1181 1182 1184 1184 1183 1180 1175 1168 1161 1153 1147 1141 1135 1131 1126 1121 1127 1132 1136 1139 1142 1145 1147 1148 1149 1150 1150 1150 1149 1149 1148 1147 1145 1142 1140 1137 1135 1133 1131 1129 1127 1123 1120 1119 1121 1125 1128 1131 1131 1131 1130 1129 1127 1126 1125 1124 1123 1123 1123 1124 1125 1127 1128 1131 1133 1135 -9999 -9999 -9999 -9999 -9999 -9999 -9999 -9999
1170 1171 1173 1174 1176 1177 1177 1177 1175 1171 1165 1158 1150 1143 1137 1132 1127 1122 1117 1121 1125 1129 1132 1135 1138 1140 1141 1142 1142 1142 1142 1142 1142 1141 1141 1139 1138 1135 1133 1130 1128 1127 1125 1123 1119 1116 1115 1116 1120 1124 1127 1128 1128 1127 1126 1124 1123 1122 1121 1120 1119 1119 1120 1121 1123 1125 1128 1131 1133 -9999 -9999 -9999 -9999 -9999 -9999 -9999 -9999
1164 1165 1166 1168 1169 1170 1171 1171 1169 1166 1161 1154 1147 1140 1134 1129 1124 1119 1113 1113 1117 1122 1125 1129 1131 1133 1135 1135 1135 1135 1135 1135 1135 1135 1135 1134 1133 1131 1129 1126 1124 1122 1120 1118 1115 1112 1111 1112 1115 1119 1123 1125 1125 1124 1123 1121 1120 1119 1118 1117 1116 1117 1117 1119 1121 1123 1126 1129 1132 -9999 -9999 -9999 -9999 -9999 -9999 -9999 -9999
1158 1158 1160 1161 1162 1164 1164 1164 1163 1161 1156 1150 1143 1136 1130 1125 1121 1117 1112 1110 1110 1114 1119 1122 1125 1127 1128 1129 1129 1129 1128 1128 1129 1129 1129 1129 1128 1126 1124 1122 1119 1117 1115 1113 1111 1109 1107 1108 1111 1115 1119 1121 1122 1121 1120 1119 1118 1116 1115 1114 1114 1114 1115 1116 1119 1122 1125 1128 -9999 -9999 -9999 -9999 -9999 -9999 -9999 -9999 -9999
1152 1152 1153 1154 1156 1157 1158 1158 1157 1155 1151 1145 1139 1132 1127 1122 1118 1114 1110 1106 1101 1108 1112 1116 1119 1121 1123 1123 1123 1122 1122 1122 1123 1123 1124 1123 1123 1121 1120 1117 1114 1112 1110 1108 1106 1104 1103 1104 1107 1111 1116 1118 1119 1119 1118 1116 1115 1114 1113 1112 1111 1112 1113 1115 1117 1121 1124 1127 -9999 -9999 -9999 -9999 -9999 -9999 -9999 -9999 -9999
1147 1146 1147 1148 1149 1150 1151 1151 1150 1148 1145 1140 1135 1129 1123 1118 1115 1111 1107 1102 1097 1102 1107 1110 1114 1116 1117 1117 1117 1116 1116 1116 1117 1118 1118 1118 1117 1116 1114 1112 1109 1106 1103 1102 1101 1099 1099 1100 1104 1109 1113 1116 1117 1116 1115 1114 1113 1111 1110 1110 1109 1110 1111 1113 1116 1120 1123 1126 -9999 -9999 -9999 -9999 -9999 -9999 -9999 -9999 -9999
1143 1141 1141 1141 1142 1143 1144 1145 1144 1142 1139 1135 1130 1125 1119 1115 1111 1107 1104 1099 1093 1097 1101 1105 1108 1110 1111 1111 1111 1110 1110 1110 1111 1112 1112 1112 1112 1110 1109 1106 1103 1099 1097 1095 1094 1094 1095 1097 1101 1107 1111 1114 1114 1114 1113 1111 1110 1109 1108 1108 1107 1108 1109 1112 1115 1119 1122 1125 -9999 -9999 -9999 -9999 -9999 -9999 -9999 -9999 -9999
1141 1137 1135 1135 1135 1136 1137 1138 1137 1135 1133 1130 1125 1121 1116 1111 1107 1104 1100 1095 1089 1092 1095 1099 1102 1104 1105 1105 1104 1103 1103 1104 1105 1105 1106 1106 1105 1104 1102 1100 1096 1093 1090 1089 1089 1090 1092 1095 1100 1105 1109 1112 1112 1111 1110 1109 1108 1107 1106 1105 1105 1106 1108 1111 1114 1118 1121 1123 1125 -9999 -9999 -9999 -9999 -9999 -9999 -9999 -9999
1139 1135 1131 1129 1128 1128 1129 1130 1130 1129 1127 1124 1121 1116 1112 1107 1103 1100 1096 1091 1085 1085 1088 1092 1095 1097 1098 1098 1097 1097 1097 1097 1098 1099 1099 1099 1099 1097 1095 1093 1089 1086 1084 1084 1084 1087 1090 1095 1100 1104 1108 1109 1110 1109 1108 1107 1106 1105 1104 1103 1104 1105 1107 1110 1113 1117 1119 1121 1122 1123 -9999 -9999 -9999 -9999 -9999 -9999 -9999
1138 1133 1128 1125 1122 1121 1122 1123 1123 1122 1120 1118 1115 1112 1108 1104 1100 1096 1092 1089 1084 1081 1081 1084 1087 1089 1090 1090 1090 1090 1090 1090 1091 1091 1092 1092 1091 1090 1088 1086 1083 1081 1080 1080 1082 1086 1090 1095 1100 1104 1106 1107 1107 1106 1106 1104 1103 1102 1102 1101 1102 1103 1106 1109 1112 1115 1117 1119 1120 1120 -9999 -9999 -9999 -9999 -9999 -9999 -9999
1138 1132 1126 1121 1117 1115 1115 1115 1116 1115 1114 1112 1110 1107 1104 1100 1096 1092 1089 1085 1082 1077 1071 1076 1079 1082 1083 1084 1083 1083 1083 1083 1084 1084 1085 1085 1084 1083 1081 1079 1077 1077 1077 1079 1082 1086 1091 1096 1100 1103 1105 1105 1105 1104 1103 1102 1101 1101 1100 1100 1100 1102 1104 1107 1110 1113 1115 1116 1117 1117 -9999 -9999 -9999 -9999 -9999 -9999 -9999
1137 1130 1124 1119 1114 1110 1108 1108 1108 1107 1106 1105 1103 1102 1099 1096 1092 1088 1085 1082 1079 1074 1068 1068 1072 1075 1077 1077 1077 1076 1076 1077 1077 1077 1077 1077 1076 1075 1074 1073 1073 1074 1076 1080 1084 1088 1092 1096 1100 1102 1103 1103 1103 1102 1101 1100 1100 1099 1098 1098 1099 1100 1103 1106 1108 1111 1112 1114 1114 1115 1116 -9999 -9999 -9999 -9999 -9999 -9999
1135 1128 1122 1116 1110 1106 1103 1101 1100 1099 1099 1098 1097 1096 1094 1092 1089 1085 1082 1079 1076 1072 1068 1065 1065 1069 1071 1071 1071 1071 1070 1070 1070 1070 1069 1069 1068 1068 1068 1069 1071 1073 1077 1082 1086 1090 1094 1097 1100 1101 1102 1102 1101 1100 1099 1099 1098 1097 1097 1096 1097 1099 1101 1104 1106 1108 1110 1111 1113 1114 1114 -9999 -9999 -9999 -9999 -9999 -9999
1132 1126 1120 1113 1107 1102 1097 1095 1093 1092 1091 1090 1090 1090 1089 1088 1085 1082 1079 1076 1073 1070 1067 1064 1062 1064 1065 1066 1066 1065 1064 1064 1064 1063 1062 1061 1061 1062 1064 1066 1070 1074 1079 1084 1088 1092 1096 1098 1099 1100 1101 1100 1100 1099 1098 1098 1097 1096 1095 1095 1095 1097 1099 1102 1104 1106 1108 1110 1112 1113 1114 -9999 -9999 -9999 -9999 -9999 -9999
1128 1121 1116 1110 1103 1098 1093 1089 1087 1085 1084 1083 1083 1084 1084 1083 1082 1079 1076 1073 1070 1068 1065 1061 1058 1059 1061 1061 1061 1060 1059 1058 1057 1056 1055 1055 1056 1058 1062 1066 1070 1076 1081 1086 1090 1094 1096 1098 1099 1100 1100 1099 1099 1098 1097 1096 1096 1095 1094 1093 1094 1095 1097 1100 1102 1105 1107 1109 1111 1112 1113 -9999 -9999 -9999 -9999 -9999 -9999
1121 1115 1110 1104 1099 1093 1089 1085 1082 1079 1078 1077 1077 1078 1079 1079 1078 1076 1074 1071 1068 1065 1062 1059 1055 1055 1056 1057 1056 1055 1054 1053 1052 1051 1050 1051 1053 1056 1061 1066 1072 1077 1083 1087 1092 1095 1096 1097 1098 1098 1098 1098 1098 1097 1096 1095 1094 1093 1092 1092 1092 1093 1095 1098 1101 1104 1107 1109 1111 1112 1113 -9999 -9999 -9999 -9999 -9999 -9999
1114 1108 1102 1097 1093 1088 1084 1080 1077 1074 1072 1071 1071 1072 1074 1075 1075 1074 1071 1069 1065 1062 1059 1056 1054 1052 1052 1053 1052 1051 1050 1048 1047 1046 1046 1048 1051 1055 1061 1066 1072 1078 1084 1088 1092 1095 1096 1096 1097 1097 1097 1097 1097 1096 1095 1094 1093 1092 1091 1091 1091 1092 1094 1097 1100 1103 1106 1109 1110 1112 1112 -9999 -9999 -9999 -9999 -9999 -9999
1106 1099 1094 1089 1085 1081 1078 1075 1072 1069 1067 1066 1066 1067 1069 1070 1071 1070 1069 1066 1063 1060 1057 1054 1051 1049 1049 1049 1048 1047 1045 1044 1043 1042 1043 1045 1049 1055 1060 1067 1073 1079 1084 1089 1092 1094 1095 1095 1095 1095 1095 1096 1095 1095 1094 1093 1093 1092 1091 1090 1090 1091 1093 1096 1099 1102 1105 1107 1109 1110 1111 -9999 -9999 -9999 -9999 -9999 -9999
1098 1091 1086 1081 1077 1073 1071 1068 1066 1064 1061 1060 1060 1061 1063 1065 1066 1066 1065 1063 1060 1057 1054 1051 1048 1047 1047 1045 1044 1043 1042 1040 1039 1039 1040 1043 1048 1053 1060 1066 1072 1078 1084 1088 1091 1093 1093 1093 1093 1093 1094 1094 1094 1094 1093 1093 1092 1091 1090 1089 1089 1090 1092 1095 1098 1101 1103 1105 1107 1108 1109 1109 -9999 -9999 -9999 -9999 -9999
1092 1084 1078 1073 1069 1066 1063 1061 1059 1058 1056 1054 1054 1056 1058 1060 1061 1062 1061 1060 1057 1054 1050 1047 1045 1043 1041 1042 1041 1040 1038 1037 1036 1036 1037 1041 1046 1052 1058 1065 1071 1077 1083 1087 1090 1091 1092 1092 1091 1091 1092 1092 1092 1092 1092 1092 1091 1090 1089 1088 1088 1089 1091 1094 1096 1099 1101 1103 1104 1106 1107 1108 1109 -9999 -9999 -9999 -9999
1087 1079 1073 1067 1062 1059 1057 1055 1053 1052 1050 1049 1049 1050 1052 1054 1056 1057 1057 1056 1053 1050 1047 1043 1040 1039 1039 1039 1038 1037 1035 1033 1033 1033 1035 1039 1044 1050 1056 1063 1069 1076 1081 1085 1088 1090 1090 1090 1090 1090 1090 1091 1091 1091 1091 1091 1090 1089 1088 1087 1087 1088 1090 1092 1095 1097 1099 1100 1102 1104 1105 1107 1109 -9999 -9999 -9999 -9999
1085 1076 1068 1062 1057 1054 1051 1049 1048 1046 1045 1044 1044 1045 1046 1048 1050 1051 1052 1051 1049 1047 1043 1039 1034 1036 1036 1036 1036 1034 1032 1031 1030 1031 1033 1037 1042 1048 1054 1061 1068 1074 1079 1084 1087 1088 1089 1089 1088 1088 1088 1089 1089 1090 1090 1090 1089 1088 1087 1087 1086 1087 1089 1091 1093 1095 1097 1098 1100 1102 1105 1107 1109 1111 -9999 -9999 -9999
1084 1075 1066 1059 1054 1050 1047 1045 1044 1042 1041 1040 1039 1040 1041 1042 1044 1045 1047 1047 1046 1043 1039 1034 1031 1032 1033 1034 1033 1031 1029 1028 1028 1029 1032 1036 1041 1047 1053 1060 1067 1073 1078 1082 1085 1087 1087 1087 1087 1086 1086 1087 1087 1088 1088 1088 1088 1087 1086 1086 1085 1086 1088 1089 1091 1093 1095 1097 1099 1102 1105 1107 1110 1112 1114 -9999 -9999
1085 1075 1066 1059 1052 1048 1045 1042 1040 1038 1037 1036 1035 1035 1036 1037 1038 1040 1042 1043 1042 1039 1035 1028 1028 1030 1030 1031 1030 1028 1027 1026 1026 1027 1031 1035 1041 1047 1054 1060 1067 1072 1077 1081 1084 1085 1086 1086 1085 1084 1084 1085 1085 1086 1086 1087 1087 1086 1085 1085 1084 1085 1086 1088 1090 1092 1094 1096 1099 1102 1105 1108 1111 1114 1116 -9999 -9999
1086 1077 1068 1059 1053 1047 1043 1040 1037 1035 1034 1032 1032 1031 1031 1032 1034 1036 1038 1039 1038 1036 1031 1026 1026 1027 1027 1027 1027 1025 1024 1023 1024 1026 1030 1035 1041 1048 1055 1061 1067 1073 1077 1081 1083 1084 1085 1084 1084 1083 1083 1083 1084 1084 1085 1085 1085 1085 1084 1083 1083 1084 1085 1087 1088 1090 1093 1095 1099 1102 1106 1109 1113 1115 1118 1119 -9999
1089 1080 1071 1062 1054 1048 1043 1038 1035 1032 1030 1029 1028 1028 1028 1028 1029 1031 1034 1035 1034 1032 1028 1022 1023 1024 1024 1024 1023 1022 1021 1021 1022 1025 1029 1035 1042 1049 1056 1062 1068 1074 1078 1081 1083 1084 1084 1084 1083 1082 1082 1082 1082 1083 1083 1084 1084 1083 1083 1082 1082 1083 1084 1085 1087 1089 1092 1095 1098 1102 1106 1110 1114 1117 1119 1121 -9999
1091 1083 1074 1066 1058 1050 1044 1038 1034 1030 1027 1026 1025 1024 1024 1024 1026 1028 1030 1031 1031 1029 1025 1020 1020 1020 1021 1021 1020 1019 1018 1019 1020 1024 1029 1035 1042 1049 1056 1063 1069 1075 1079 1082 1083 1084 1084 1084 1083 1082 1081 1081 1081 1081 1082 1082 1082 1082 1082 1081 1081 1082 1083 1084 1086 1088 1091 1094 1097 1101 1106 1110 1114 1117 1120 1121 -9999
1090 1085 1078 1070 1062 1054 1046 1039 1033 1029 1025 1023 1021 1021 1021 1021 1022 1024 1026 1027 1027 1026 1023 1019 1016 1017 1017 1017 1017 1016 1016 1017 1019 1023 1029 1035 1042 1049 1057 1064 1070 1075 1080 1083 1084 1085 1085 1084 1083 1082 1081 1081 1080 1081 1081 1081 1081 1081 1080 1080 1080 1081 1082 1083 1085 1087 1090 1093 1097 1101 1106 1110 1114 1118 1120 -9999 -9999
-9999 1084 1079 1073 1065 1057 1049 1041 1034 1028 1023 1020 1018 1017 1017 1018 1019 1021 1022 1023 1023 1022 1020 1016 1013 1014 1014 1014 1014 1013 1014 1015 1019 1023 1029 1036 1043 1050 1058 1064 1071 1076 1081 1084 1086 1086 1086 1085 1084 1082 1081 1081 1080 1080 1080 1080 1080 1080 1080 1079 1079 1080 1081 1083 1085 1087 1090 1093 1097 1101 1106 1111 1115 1118 1120 -9999 -9999
-9999 -9999 -9999 1073 1067 1060 1052 1043 1035 1028 1022 1018 1015 1014 1014 1015 1016 1017 1018 1019 1018 1018 1016 1013 1010 1011 1011 1011 1011 1011 1012 1015 1019 1025 1031 1038 1045 1052 1059 1066 1072 1078 1083 1086 1087 1088 1087 1086 1084 1083 1082 1081 1080 1080 1080 1080 1079 1079 1079 1078 1078 1079 1080 1082 1085 1087 1090 1094 1098 1102 1107 1111 1115 1118 1120 -9999 -9999
