data/PosinaDailyOneYear/12/dem_12_rid.asc
ncols        23
nrows        18
xllcorner    1680140.000000000000
yllcorner    5080680.000000000000
cellsize     20.000000000000
NODATA_value  -9999
 1007 1007 1006 1006 1005 1004 1002 1003 1003 1004 1006 1009 1014 1020 1027 1034 1042 1049 1057 1064 1070 1076 1081
 1005 1004 1003 1002 1001 1001 1000 1000 1001 1003 1005 1010 1015 1022 1030 1038 1046 1054 1062 1069 1075 1080 1085
 1002 1001 999 998 998 997 997 998 999 1001 1005 1011 1017 1025 1033 1042 1050 1058 1066 1073 1079 1085 1089
 999 997 995 994 993 993 994 995 997 1001 1005 1012 1019 1028 1037 1045 1054 1062 1070 1077 1083 1089 1093
 995 991 989 987 987 989 991 993 996 1000 1006 1013 1021 1031 1040 1049 1057 1065 1073 1080 1087 1092 1097
 987 983 980 979 980 984 988 990 994 999 1006 1014 1023 1033 1042 1051 1060 1068 1075 1083 1089 1095 1099
 976 972 969 968 971 980 985 987 992 999 1007 1015 1025 1035 1044 1053 1061 1069 1077 1084 1091 1096 1101
 961 957 954 953 959 980 980 981 988 997 1006 1016 1026 1036 1045 1053 1061 1069 1077 1084 1091 1097 1102
 944 940 937 934 931 923 951 967 981 994 1005 1015 1025 1035 1044 1053 1061 1068 1076 1083 1090 1096 1101
 927 924 920 916 911 901 931 954 973 988 1001 1012 1023 1033 1042 1051 1059 1066 1074 1081 1088 1094 1099
 911 907 904 901 895 890 918 942 962 979 994 1007 1019 1029 1039 1047 1055 1063 1070 1077 1084 1090 1097
 894 891 889 886 880 880 906 929 949 968 984 999 1012 1024 1034 1042 1050 1058 1065 1072 1080 1087 1093
 875 874 873 872 869 879 896 915 934 953 971 987 1002 1016 1027 1036 1044 1052 1060 1068 1075 1082 1090
 855 855 856 857 858 871 886 902 919 937 955 973 990 1005 1019 1029 1039 1047 1055 1063 1071 1079 1086
 832 831 835 839 846 860 875 890 904 920 938 956 975 993 1009 1022 1033 1043 1052 1060 1068 1076 1083
 807 798 810 817 835 849 864 877 891 905 922 940 960 980 998 1014 1028 1039 1049 1058 1066 1073 1081
 814 798 789 781 824 838 852 865 878 891 907 925 945 966 987 1005 1021 1035 1046 1055 1063 1071 1079
 827 811 795 780 805 825 840 853 866 879 894 911 931 952 974 995 1014 1029 1042 1052 1061 1069 1077
