data/PosinaDailyOneYear/12/sky_12_rid.asc
ncols        23
nrows        18
xllcorner    1680140.000000000000
yllcorner    5080680.000000000000
cellsize     20.000000000000
NODATA_value  -9999
 0.92671918869018554688 0.92751431465148925781 0.92715698480606079102 0.9265740513801574707 0.92609637975692749023 0.92485380172729492188 0.92334163188934326172 0.92148584127426147461 0.91895109415054321289 0.91610932350158691406 0.91290372610092163086 0.90895950794219970703 0.90595066547393798828 0.90090966224670410156 0.9013379216194152832 0.89472627639770507812 0.8938471674919128418 0.8917452692985534668 0.90015625953674316406 0.90604078769683837891 0.91092520952224731445 0.92177593708038330078 0.92490100860595703125
 0.92671912908554077148 0.92633539438247680664 0.92583465576171875 0.92531305551528930664 0.92375725507736206055 0.92388117313385009766 0.92181164026260375977 0.91954010725021362305 0.91661250591278076172 0.91426992416381835938 0.91059124469757080078 0.90770113468170166016 0.89986109733581542969 0.89667081832885742188 0.89949327707290649414 0.89623367786407470703 0.89250272512435913086 0.89675831794738769531 0.90387892723083496094 0.91265583038330078125 0.915744781494140625 0.92148685455322265625 0.92791628837585449219
 0.92586052417755126953 0.92509704828262329102 0.92453873157501220703 0.92395049333572387695 0.9230257868766784668 0.92201620340347290039 0.92022043466567993164 0.91841554641723632812 0.91551882028579711914 0.91125243902206420898 0.90727812051773071289 0.9034913182258605957 0.89329802989959716797 0.88994467258453369141 0.88916379213333129883 0.89570963382720947266 0.89094614982604980469 0.89636468887329101562 0.90515780448913574219 0.91261792182922363281 0.91500169038772583008 0.92639786005020141602 0.9319731593132019043
 0.92536568641662597656 0.92419546842575073242 0.92188727855682373047 0.9224389195442199707 0.92081099748611450195 0.91936206817626953125 0.91830676794052124023 0.91526901721954345703 0.91245412826538085938 0.90895158052444458008 0.90237021446228027344 0.89806056022644042969 0.88336420059204101562 0.88333463668823242188 0.88938444852828979492 0.88998323678970336914 0.89302271604537963867 0.89901965856552124023 0.90677064657211303711 0.91157972812652587891 0.91485035419464111328 0.92762649059295654297 0.93296170234680175781
 0.92127454280853271484 0.91726613044738769531 0.91121530532836914062 0.9108607172966003418 0.91372257471084594727 0.91579711437225341797 0.91674089431762695312 0.91510534286499023438 0.91137862205505371094 0.90647816658020019531 0.90323168039321899414 0.89626675844192504883 0.88327080011367797852 0.89013332128524780273 0.89526641368865966797 0.90151435136795043945 0.89876341819763183594 0.90679419040679931641 0.91336894035339355469 0.91887515783309936523 0.92587482929229736328 0.93303579092025756836 0.94195759296417236328
 0.89841938018798828125 0.89369171857833862305 0.88882166147232055664 0.8942063450813293457 0.90154188871383666992 0.90707677602767944336 0.91425102949142456055 0.91075384616851806641 0.90835350751876831055 0.89971816539764404297 0.90045654773712158203 0.89273434877395629883 0.883514404296875 0.88926941156387329102 0.89529448747634887695 0.90163528919219970703 0.90776282548904418945 0.91355335712432861328 0.91309380531311035156 0.9223702549934387207 0.92806476354598999023 0.93803679943084716797 0.9443696141242980957
 0.86222928762435913086 0.86051881313323974609 0.85147088766098022461 0.86223697662353515625 0.85869067907333374023 0.89760857820510864258 0.91254729032516479492 0.90669918060302734375 0.90331351757049560547 0.89952474832534790039 0.90015202760696411133 0.89071983098983764648 0.88983565568923950195 0.89491063356399536133 0.90058612823486328125 0.90888094902038574219 0.91084659099578857422 0.91686278581619262695 0.92111629247665405273 0.92546391487121582031 0.93152546882629394531 0.93870753049850463867 0.94655156135559082031
 0.82200640439987182617 0.82264578342437744141 0.80756807327270507812 0.79299247264862060547 0.73922115564346313477 0.76876759529113769531 0.81158369779586791992 0.86364257335662841797 0.87361866235733032227 0.87811869382858276367 0.88388556241989135742 0.88442850112915039062 0.88376915454864501953 0.89064204692840576172 0.89858198165893554688 0.90541070699691772461 0.90581870079040527344 0.90863871574401855469 0.91629302501678466797 0.91935259103775024414 0.9285475611686706543 0.93751418590545654297 0.94659239053726196289
 0.79227590560913085938 0.79990231990814208984 0.77922844886779785156 0.76092851161956787109 0.70109194517135620117 0.55436056852340698242 0.67448669672012329102 0.77701079845428466797 0.83277082443237304688 0.86127984523773193359 0.88242030143737792969 0.88683104515075683594 0.88991242647171020508 0.89706122875213623047 0.90269309282302856445 0.91202920675277709961 0.91740930080413818359 0.91562640666961669922 0.92097461223602294922 0.92395687103271484375 0.92952251434326171875 0.93761301040649414062 0.94461321830749511719
 0.7887122035026550293 0.79842269420623779297 0.77060902118682861328 0.75093072652816772461 0.70689219236373901367 0.55924600362777709961 0.66438019275665283203 0.74302726984024047852 0.79272055625915527344 0.82339745759963989258 0.8556264042854309082 0.86453241109848022461 0.87703919410705566406 0.88659465312957763672 0.89134955406188964844 0.90327918529510498047 0.90994763374328613281 0.90724337100982666016 0.91421902179718017578 0.91701704263687133789 0.92362242937088012695 0.9307454228401184082 0.93758726119995117188
 0.78735905885696411133 0.78698486089706420898 0.76966184377670288086 0.75125598907470703125 0.71776461601257324219 0.637725830078125 0.68953502178192138672 0.73834186792373657227 0.76735395193099975586 0.79869359731674194336 0.83365911245346069336 0.85301434993743896484 0.87165302038192749023 0.88403630256652832031 0.89640116691589355469 0.90446877479553222656 0.90482801198959350586 0.90944939851760864258 0.91397446393966674805 0.91337817907333374023 0.91990947723388671875 0.92387342453002929688 0.93330341577529907227
 0.76917064189910888672 0.77438741922378540039 0.75711292028427124023 0.74590480327606201172 0.70490449666976928711 0.65620565414428710938 0.69584232568740844727 0.73318171501159667969 0.74809241294860839844 0.77310085296630859375 0.8005720973014831543 0.82200521230697631836 0.84412378072738647461 0.86616051197052001953 0.88587015867233276367 0.89529776573181152344 0.89455503225326538086 0.90100550651550292969 0.90595614910125732422 0.90497922897338867188 0.91362631320953369141 0.92048120498657226562 0.92341315746307373047
 0.74687212705612182617 0.75974160432815551758 0.748943328857421875 0.7444216609001159668 0.72334283590316772461 0.7144641876220703125 0.71493178606033325195 0.73363125324249267578 0.73462164402008056641 0.75072646141052246094 0.77235883474349975586 0.78710740804672241211 0.80812203884124755859 0.83917182683944702148 0.86359566450119018555 0.88337272405624389648 0.88329362869262695312 0.88981407880783081055 0.89790886640548706055 0.90099978446960449219 0.90273052453994750977 0.90779465436935424805 0.91686952114105224609
 0.71666103601455688477 0.73108267784118652344 0.72846275568008422852 0.73866993188858032227 0.72613513469696044922 0.73463469743728637695 0.7407169342041015625 0.73456019163131713867 0.72290760278701782227 0.72908532619476318359 0.73891204595565795898 0.75024628639221191406 0.77169591188430786133 0.80074042081832885742 0.8380616307258605957 0.86663806438446044922 0.88335084915161132812 0.88872033357620239258 0.89428973197937011719 0.89745408296585083008 0.90372741222381591797 0.91204053163528442383 0.9142672419548034668
 0.6645228266716003418 0.67184406518936157227 0.68690770864486694336 0.71314418315887451172 0.72265350818634033203 0.73189395666122436523 0.74011886119842529297 0.74445497989654541016 0.73105567693710327148 0.73128902912139892578 0.7367808222770690918 0.73145639896392822266 0.74986720085144042969 0.77877247333526611328 0.81085598468780517578 0.84820383787155151367 0.86869919300079345703 0.88705289363861083984 0.89876931905746459961 0.90261876583099365234 0.90536934137344360352 0.91434973478317260742 0.91411536931991577148
 0.61394178867340087891 0.58054780960083007812 0.64176315069198608398 0.6549689173698425293 0.70327210426330566406 0.73012131452560424805 0.73979574441909790039 0.74195325374603271484 0.73874783515930175781 0.72782665491104125977 0.72250741720199584961 0.72018581628799438477 0.72841405868530273438 0.75177407264709472656 0.77787959575653076172 0.82278704643249511719 0.85214966535568237305 0.87834638357162475586 0.89574146270751953125 0.90618073940277099609 0.91031891107559204102 0.91282135248184204102 0.91807949542999267578
 0.67305380105972290039 0.63172304630279541016 0.63002765178680419922 0.4974638819694519043 0.67101997137069702148 0.72958594560623168945 0.7408313751220703125 0.74556714296340942383 0.73868447542190551758 0.73924052715301513672 0.73024451732635498047 0.72210097312927246094 0.72601872682571411133 0.73764896392822265625 0.76302945613861083984 0.80128371715545654297 0.82807594537734985352 0.86467969417572021484 0.88870090246200561523 0.90259665250778198242 0.90837347507476806641 0.91357475519180297852 0.91893470287322998047
 0.68628394603729248047 0.6654612421989440918 0.64465308189392089844 0.60045754909515380859 0.65899229049682617188 0.72082245349884033203 0.73752939701080322266 0.74481922388076782227 0.74117869138717651367 0.73807150125503540039 0.73464822769165039062 0.72127676010131835938 0.72238445281982421875 0.72462612390518188477 0.7376982569694519043 0.77429604530334472656 0.80401885509490966797 0.84295415878295898438 0.87490165233612060547 0.89833825826644897461 0.90854513645172119141 0.91521376371383666992 0.92037528753280639648
